   8.0800000e+01   2.6100000e+01   5.6000000e+01
   8.0800000e+01  -2.6100000e+01   5.6000000e+01
   5.7600000e+01   4.8200000e+01   9.9900000e+01
   5.7600000e+01  -4.8100000e+01   9.9900000e+01
   0.0000000e+00   6.3200000e+01   1.1690000e+02
   0.0000000e+00  -6.3200000e+01   1.1690000e+02
  -5.7600000e+01   4.8200000e+01   9.9900000e+01
  -5.7600000e+01  -4.8100000e+01   9.9900000e+01
  -8.0800000e+01   2.6100000e+01   5.6000000e+01
  -8.0800000e+01  -2.6100000e+01   5.6000000e+01
   4.9900000e+01   6.8400000e+01   5.2500000e+01
   4.9900000e+01  -6.8400000e+01   5.2500000e+01
   0.0000000e+00   8.4500000e+01   5.1200000e+01
   0.0000000e+00  -8.4500000e+01   5.1200000e+01
  -4.9900000e+01   6.8400000e+01   5.2500000e+01
  -4.9900000e+01  -6.8400000e+01   5.2500000e+01
   6.0700000e+01   0.0000000e+00   1.1950000e+02
   0.0000000e+00   0.0000000e+00   1.4500000e+02
  -6.0700000e+01  -0.0000000e+00   1.1950000e+02
  -8.5000000e+01  -0.0000000e+00   5.8200000e+01
   3.2400000e+01   3.2400000e+01   1.3160000e+02
   3.2400000e+01  -3.2400000e+01   1.3160000e+02
  -3.2400000e+01   3.2400000e+01   1.3160000e+02
  -3.2400000e+01  -3.2400000e+01   1.3160000e+02
   2.8800000e+01   7.6200000e+01   8.4200000e+01
   2.8800000e+01  -7.6200000e+01   8.4200000e+01
  -2.8800000e+01   7.6200000e+01   8.4200000e+01
  -2.8800000e+01  -7.6200000e+01   8.4200000e+01
  -2.3300000e+01   7.0100000e+01   1.7900000e+01
  -2.3300000e+01  -7.0100000e+01   1.7900000e+01
  -7.9000000e+01  -0.0000000e+00   9.1300000e+01
   0.0000000e+00   0.0000000e+00   6.0000000e+01
