  -9.7531000e-01   2.0006000e-03   2.2085000e-01
  -9.4291000e-01  -2.7331000e-01  -1.9030000e-01
  -9.4791000e-01   2.8219000e-01  -1.4778000e-01
  -7.7075000e-01  -5.6283000e-01   2.9863000e-01
  -9.1079000e-01  -4.4385000e-03   4.1284000e-01
  -7.9290000e-01   5.5874000e-01   2.4316000e-01
  -6.4091000e-01  -7.6718000e-01   2.5892000e-02
  -6.1683000e-01   7.7894000e-01  -1.1299000e-01
  -5.1979000e-01  -8.2742000e-01  -2.1260000e-01
  -5.0868000e-01   8.4628000e-01  -1.5832000e-01
  -3.8391000e-01   1.2053000e-02  -9.2329000e-01
  -5.0380000e-01  -3.5089000e-01   7.8934000e-01
  -5.1837000e-01   3.3724000e-01   7.8585000e-01
  -2.0340000e-01  -9.6384000e-01  -1.7216000e-01
  -1.6096000e-01   9.7773000e-01  -1.3468000e-01
  -3.4322000e-01  -9.0093000e-01   2.6555000e-01
  -2.8037000e-01   9.1761000e-01   2.8175000e-01
   1.3583000e-01  -5.9321000e-01  -7.9350000e-01
  -8.9059000e-02   4.3077000e-01  -8.9806000e-01
  -3.3523000e-02  -9.9005000e-01  -1.3669000e-01
  -4.0153000e-01  -1.1774000e-02  -9.1577000e-01
   1.9310000e-01  -7.1102000e-02   9.7860000e-01
  -5.9728000e-02   9.9055000e-01  -1.2346000e-01
   2.5674000e-01  -5.1160000e-01   8.1997000e-01
   2.0035000e-01   5.5002000e-01   8.1076000e-01
   1.5877000e-01  -8.9395000e-01  -4.1910000e-01
   1.8376000e-01   8.7696000e-01  -4.4405000e-01
   1.7214000e-01  -9.7744000e-01   1.2242000e-01
   2.1284000e-01   9.6417000e-01   1.5832000e-01
   2.2344000e-01  -6.2133000e-01  -7.5102000e-01
   2.0765000e-01   5.9096000e-01  -7.7952000e-01
   5.0516000e-01   5.6121000e-03   8.6301000e-01
   4.9443000e-01  -8.6253000e-01  -1.0761000e-01
   5.5206000e-01   8.2365000e-01  -1.2973000e-01
   6.5140000e-01  -6.3268000e-01   4.1880000e-01
   6.5745000e-01   6.1726000e-01   4.3214000e-01
   7.6165000e-01  -5.1472000e-01  -3.9363000e-01
   8.8739000e-01  -1.9276000e-02  -4.6062000e-01
   7.8213000e-01   5.3582000e-01  -3.1807000e-01
   8.3438000e-01  -3.1004000e-01  -4.5573000e-01
   7.9987000e-01   4.3959000e-01  -4.0862000e-01
   9.5945000e-01  -6.4198000e-03   2.8179000e-01
   9.2870000e-01  -1.7966000e-01   3.2441000e-01
   6.6693000e-01   7.2515000e-01  -1.7136000e-01
  -9.3139000e-01  -3.0840000e-01   1.9337000e-01
   2.4712000e-01  -2.2980000e-01   9.4134000e-01
   4.4512000e-01  -4.6647000e-01   7.6438000e-01
  -7.6144000e-01  -6.4063000e-01  -9.9008000e-02
  -6.9766000e-01  -6.9301000e-01  -1.8165000e-01
   1.2976000e-01  -9.7321000e-01  -1.8982000e-01
   7.3411000e-01  -6.7357000e-01  -8.5957000e-02
  -9.9320000e-01   1.2414000e-02  -1.1573000e-01
  -9.3027000e-01   3.4876000e-01   1.1389000e-01
  -7.6645000e-01   6.3861000e-01  -6.8753000e-02
  -7.5518000e-01   6.4820000e-01  -9.7692000e-02
  -3.7640000e-01   6.3063000e-02  -9.2431000e-01
  -3.8145000e-01   1.9168000e-02  -9.2419000e-01
   4.5983000e-01   8.8265000e-01   9.7383000e-02
   7.6306000e-01   6.3793000e-01  -1.0387000e-01
   9.2264000e-01   3.8204000e-01  -5.2796000e-02
   1.4153000e-01   9.8863000e-01  -5.0719000e-02
   1.4572000e-01   9.7738000e-01  -1.5329000e-01
   5.3788000e-01   7.7198000e-01  -3.3872000e-01
  -8.3173000e-01   2.9271000e-01   4.7175000e-01
   1.7352000e-01  -4.6128000e-01  -8.7012000e-01
   8.7282000e-02  -7.5029000e-01  -6.5532000e-01
   4.6495000e-01   7.6290000e-01  -4.4923000e-01
   7.2332000e-01   5.7102000e-01  -3.8827000e-01
   1.8102000e-01  -5.8075000e-02  -9.8176000e-01
   7.8124000e-01  -4.8354000e-02  -6.2235000e-01
  -3.8685000e-01   1.1561000e-02  -9.2207000e-01
  -3.7418000e-01   1.4987000e-02  -9.2723000e-01
   1.3511000e-01   2.8556000e-01  -9.4879000e-01
   1.0214000e-01   7.7112000e-01  -6.2844000e-01
   3.7698000e-01   7.5044000e-01   5.4289000e-01
   4.9317000e-01   4.4504000e-01   7.4747000e-01
   2.2389000e-01   1.8088000e-01   9.5768000e-01
  -2.2800000e-02   2.7633000e-01   9.6079000e-01
   9.4856000e-01  -2.9752000e-01   1.0827000e-01
   7.8682000e-01  -1.8602000e-01   5.8848000e-01
   9.8806000e-01   4.2905000e-04  -1.5407000e-01
   9.4551000e-01   2.9754000e-01   1.3220000e-01
   7.8518000e-01   1.7425000e-01   5.9425000e-01
  -2.3252000e-01  -9.6793000e-01  -9.5122000e-02
  -5.3073000e-01  -8.4170000e-01   9.9368000e-02
   3.4215000e-02  -2.5462000e-01   9.6643000e-01
  -2.7113000e-01   2.9730000e-02   9.6208000e-01
  -6.0933000e-01  -6.5508000e-01   4.4675000e-01
  -1.8104000e-01  -6.7117000e-01   7.1885000e-01
  -8.5563000e-01  -2.7442000e-01   4.3886000e-01
  -7.7583000e-01   3.5033000e-02   6.2997000e-01
   1.7517000e-01  -9.8387000e-01  -3.6292000e-02
   4.2445000e-02  -9.9905000e-01   9.5280000e-03
   1.4820000e-01  -8.3681000e-01   5.2706000e-01
   3.9324000e-01  -7.1516000e-01   5.7785000e-01
   4.8777000e-01  -8.7088000e-01   6.0421000e-02
  -4.5584000e-01  -8.8851000e-01  -5.2513000e-02
  -1.0109000e-01  -9.6695000e-01  -2.3406000e-01
  -2.8392000e-01  -9.2962000e-01  -2.3495000e-01
  -6.6097000e-02  -9.5847000e-01  -2.7741000e-01
   6.9481000e-02  -9.0432000e-01  -4.2116000e-01
  -9.5585000e-01   2.5854000e-01   1.3968000e-01
  -4.2183000e-01   1.1631000e-06  -9.0667000e-01
  -9.9336000e-01  -3.3499000e-02  -1.1005000e-01
  -9.2730000e-01  -3.5470000e-01   1.1961000e-01
  -4.3020000e-01  -2.9007000e-02  -9.0227000e-01
   7.6653000e-01  -6.2440000e-01  -1.5017000e-01
   6.9220000e-01  -6.0988000e-01  -3.8589000e-01
   9.0215000e-01  -4.1399000e-01  -1.2139000e-01
   4.9642000e-01  -7.8241000e-01  -3.7603000e-01
   5.0399000e-01  -7.1758000e-01  -4.8071000e-01
  -4.5974000e-01   8.8524000e-01  -7.0680000e-02
  -1.7727000e-01   9.5185000e-01  -2.5012000e-01
  -2.6499000e-01   9.5506000e-01  -1.3284000e-01
  -7.5519000e-02   9.7060000e-01  -2.2852000e-01
   1.2528000e-01   8.9181000e-01  -4.3471000e-01
  -5.9557000e-01   6.3774000e-01   4.8844000e-01
   9.5062000e-02   8.6606000e-01   4.9082000e-01
  -1.9579000e-01   6.6339000e-01   7.2220000e-01
   2.1181000e-02   9.9920000e-01   3.3959000e-02
  -2.8824000e-01   9.4960000e-01  -1.2319000e-01
  -5.3807000e-01   8.4145000e-01   4.9388000e-02
  -9.9048000e-01   1.1392000e-01   7.7333000e-02
  -6.9238000e-01   5.7083000e-02  -7.1927000e-01
  -9.9348000e-01   9.8363000e-02   5.7712000e-02
  -9.9064000e-01  -1.0545000e-01   8.6625000e-02
  -9.7856000e-01  -1.8772000e-01   8.4703000e-02
  -9.7873000e-01  -1.6831000e-01  -1.1729000e-01
  -9.0270000e-01  -4.1454000e-01  -1.1527000e-01
  -8.2425000e-01  -5.2574000e-01  -2.1027000e-01
  -9.8401000e-01  -7.3886000e-02  -1.6209000e-01
  -9.7004000e-01  -2.0912000e-01  -1.2363000e-01
  -8.7958000e-01  -4.4546000e-01  -1.6703000e-01
  -9.6955000e-01   2.2159000e-01  -1.0430000e-01
  -8.9970000e-01   4.3140000e-01  -6.6582000e-02
  -8.2669000e-01   5.3251000e-01  -1.8171000e-01
  -8.9181000e-01   4.3988000e-01  -1.0571000e-01
  -9.7104000e-01   2.0708000e-01  -1.1914000e-01
  -9.8752000e-01   8.5464000e-02  -1.3228000e-01
  -8.3433000e-01  -5.3592000e-01   1.2916000e-01
  -6.9069000e-01  -7.1769000e-01   8.8712000e-02
  -6.4489000e-01  -7.1133000e-01   2.7952000e-01
  -7.8376000e-01  -4.7895000e-01   3.9539000e-01
  -8.5552000e-01  -3.6110000e-01   3.7106000e-01
  -8.9746000e-01  -1.8377000e-01   4.0099000e-01
  -9.7614000e-01  -7.7216000e-02   2.0294000e-01
  -9.7719000e-01   1.0413000e-01   1.8506000e-01
  -9.0364000e-01   1.5518000e-01   3.9920000e-01
  -8.7718000e-01  -7.5725000e-02   4.7416000e-01
  -8.6583000e-01   5.9379000e-02   4.9680000e-01
  -8.5862000e-01   3.7941000e-01   3.4470000e-01
  -8.4710000e-01   5.2849000e-01   5.5756000e-02
  -7.6769000e-01   4.7066000e-01   4.3489000e-01
  -6.4908000e-01   7.0887000e-01   2.7604000e-01
  -7.1313000e-01   6.9998000e-01   3.8415000e-02
  -7.8800000e-01  -6.0470000e-01   1.1577000e-01
  -4.3436000e-01  -5.4420000e-01  -7.1776000e-01
  -6.2761000e-01  -7.7762000e-01   3.7703000e-02
  -3.9065000e-01  -9.2005000e-01   2.9992000e-02
  -9.1026000e-01  -4.1344000e-01  -2.2195000e-02
  -4.0993000e-01  -3.3228000e-02  -9.1151000e-01
  -5.7841000e-01   8.1411000e-01   5.1660000e-02
  -4.0975000e-01   3.3489000e-02  -9.1158000e-01
  -8.1357000e-01   5.5326000e-01   1.7892000e-01
  -9.1846000e-01   3.6939000e-01  -1.4139000e-01
  -4.0643000e-01   9.1362000e-01   1.0297000e-02
  -4.7898000e-01   4.1747000e-01  -7.7220000e-01
  -6.1325000e-01  -7.4975000e-01  -2.4858000e-01
  -5.8768000e-01  -7.9047000e-01  -1.7259000e-01
  -4.5632000e-01  -8.8325000e-01  -1.0791000e-01
  -5.6848000e-01  -8.1439000e-01  -1.1663000e-01
  -4.3942000e-01  -8.7204000e-01  -2.1554000e-01
  -3.4472000e-01  -9.1882000e-01  -1.9219000e-01
  -6.0360000e-01   7.9098000e-01  -1.0004000e-01
  -6.5605000e-01   7.3768000e-01  -1.5945000e-01
  -5.7816000e-01   8.0294000e-01  -1.4502000e-01
  -3.6340000e-01   9.2193000e-01  -1.3410000e-01
  -3.0512000e-01   9.3415000e-01  -1.8510000e-01
  -4.4317000e-01   8.9159000e-01  -9.3130000e-02
  -3.7905000e-01   1.1451000e-02  -9.2530000e-01
  -3.8166000e-01   1.3643000e-02  -9.2420000e-01
  -3.5019000e-01  -1.6390000e-02  -9.3654000e-01
  -3.8250000e-01   2.3734000e-02  -9.2365000e-01
  -3.7883000e-01   1.4381000e-02  -9.2536000e-01
  -3.7647000e-01   1.4666000e-02  -9.2631000e-01
  -2.3007000e-01  -1.9748000e-01   9.5293000e-01
  -5.4693000e-01  -5.4909000e-02   8.3537000e-01
  -4.4420000e-01  -5.8629000e-01   6.7746000e-01
  -2.0075000e-01  -4.3080000e-01   8.7984000e-01
  -7.0469000e-01  -4.3089000e-01   5.6369000e-01
  -7.7089000e-01  -1.7686000e-01   6.1192000e-01
  -7.4230000e-01   2.0151000e-01   6.3905000e-01
  -2.3379000e-01   4.5129000e-01   8.6121000e-01
  -2.5199000e-01   2.1639000e-01   9.4323000e-01
  -5.4871000e-01   1.2505000e-01   8.2661000e-01
  -6.9495000e-01   4.1880000e-01   5.8450000e-01
  -4.2634000e-01   6.0079000e-01   6.7623000e-01
  -2.5018000e-01  -9.6318000e-01  -9.8474000e-02
  -1.9429000e-02  -9.6426000e-01  -2.6424000e-01
  -2.9741000e-01  -9.4566000e-01  -1.3142000e-01
  -2.6693000e-01  -9.4144000e-01  -2.0601000e-01
  -6.8550000e-02  -9.4421000e-01  -3.2214000e-01
  -2.9762000e-01   9.5138000e-01  -7.9372000e-02
  -3.0016000e-01   9.5048000e-01  -8.0617000e-02
  -2.4071000e-01   9.5927000e-01  -1.4784000e-01
  -6.3656000e-02   9.5470000e-01  -2.9068000e-01
  -3.3043000e-03   9.7000000e-01  -2.4308000e-01
  -2.0002000e-01  -9.7965000e-01   1.6705000e-02
  -3.6619000e-01  -9.2776000e-01   7.1865000e-02
  -5.1201000e-01  -8.2037000e-01   2.5461000e-01
  -3.7727000e-01  -7.6781000e-01   5.1782000e-01
  -4.2506000e-02  -9.7272000e-01   2.2806000e-01
  -1.7044000e-01  -8.1331000e-01   5.5631000e-01
  -3.6620000e-01   7.5188000e-01   5.4825000e-01
  -2.7618000e-02   9.7055000e-01   2.3933000e-01
  -1.4160000e-01   8.3359000e-01   5.3393000e-01
  -1.5940000e-01   9.8535000e-01   6.0690000e-02
  -3.8454000e-01   9.2148000e-01   5.4800000e-02
  -4.9213000e-01   8.2749000e-01   2.7031000e-01
  -9.2175000e-02  -2.4006000e-01  -9.6637000e-01
  -3.6345000e-01  -1.4580000e-02  -9.3150000e-01
   2.0155000e-01  -6.4479000e-01  -7.3730000e-01
   1.9347000e-01  -8.0009000e-01  -5.6783000e-01
  -2.3983000e-01  -3.9522000e-01  -8.8673000e-01
   1.8830000e-01  -8.9122000e-01  -4.1263000e-01
  -3.9119000e-01   2.4707000e-02  -9.1998000e-01
  -3.4622000e-01   1.6033000e-01  -9.2435000e-01
  -3.1421000e-01   6.7523000e-02  -9.4695000e-01
   2.6308000e-01   6.6319000e-01  -7.0070000e-01
   2.0106000e-01   8.9043000e-01  -4.0831000e-01
   2.5628000e-01   8.4709000e-01  -4.6556000e-01
   1.0070000e-01  -9.9077000e-01  -9.0773000e-02
  -1.9440000e-01  -9.6636000e-01  -1.6842000e-01
   1.3245000e-01  -9.8818000e-01  -7.7154000e-02
  -1.1130000e-01  -9.8919000e-01  -9.5476000e-02
  -1.8742000e-01  -9.6801000e-01  -1.6680000e-01
   4.4581000e-02  -9.8341000e-01  -1.7582000e-01
  -3.1786000e-01  -4.6506000e-02  -9.4700000e-01
  -3.2059000e-01  -3.6911000e-02  -9.4650000e-01
   2.2462000e-01  -2.1105000e-01  -9.5132000e-01
  -3.6107000e-01   6.7604000e-03  -9.3251000e-01
   1.7689000e-01   7.7383000e-02  -9.8118000e-01
   1.1573000e-01  -6.3304000e-02   9.9126000e-01
   1.3069000e-01   9.2276000e-02   9.8712000e-01
  -5.0553000e-02   1.2643000e-01   9.9069000e-01
   1.3410000e-01  -8.6815000e-02   9.8716000e-01
   1.3641000e-02  -1.1390000e-01   9.9340000e-01
   6.7080000e-02   9.9603000e-01  -5.8482000e-02
  -2.1915000e-02   9.9289000e-01  -1.1697000e-01
  -1.9177000e-01   9.6392000e-01  -1.8462000e-01
  -2.1399000e-01   9.7323000e-01  -8.3837000e-02
   8.5085000e-02   9.9307000e-01  -8.1045000e-02
  -5.1515000e-02   9.9199000e-01  -1.1536000e-01
   2.1741000e-01  -3.4638000e-01   9.1255000e-01
   2.7660000e-01  -4.0063000e-01   8.7349000e-01
   8.9728000e-02  -4.7664000e-01   8.7451000e-01
   1.2915000e-01  -6.6897000e-01   7.3199000e-01
   2.6885000e-01  -6.8803000e-01   6.7404000e-01
   3.2954000e-01  -5.8022000e-01   7.4481000e-01
   2.3700000e-01   7.2334000e-01   6.4854000e-01
   3.4220000e-01   5.9917000e-01   7.2380000e-01
   2.7834000e-01   4.0375000e-01   8.7150000e-01
   1.6053000e-01   3.5093000e-01   9.2254000e-01
   8.0121000e-02   6.8572000e-01   7.2344000e-01
   3.9643000e-02   5.1285000e-01   8.5756000e-01
   7.3512000e-02  -9.6537000e-01  -2.5033000e-01
   2.6814000e-01  -7.6776000e-01  -5.8194000e-01
  -4.4974000e-02  -9.2076000e-01  -3.8754000e-01
   2.3448000e-02  -8.2614000e-01  -5.6297000e-01
   2.4983000e-01  -9.2351000e-01  -2.9107000e-01
   4.4184000e-01  -7.7544000e-01  -4.5108000e-01
   2.8028000e-01   9.0917000e-01  -3.0798000e-01
   4.2316000e-01   7.7275000e-01  -4.7307000e-01
   2.7708000e-01   7.8980000e-01  -5.4722000e-01
   4.2209000e-02   8.2190000e-01  -5.6807000e-01
   6.9375000e-02   9.6669000e-01  -2.4638000e-01
  -2.2513000e-02   9.0850000e-01  -4.1728000e-01
   2.2396000e-01  -9.7345000e-01  -4.7223000e-02
   1.6590000e-01  -9.8551000e-01  -3.5374000e-02
   1.1874000e-01  -9.7756000e-01   1.7399000e-01
   2.5835000e-01  -8.3896000e-01   4.7895000e-01
   4.1427000e-01  -8.5392000e-01   3.1495000e-01
   2.6626000e-01   9.6381000e-01   1.3545000e-02
   1.1946000e-01   9.9272000e-01  -1.5622000e-02
   3.9507000e-01   8.6893000e-01   2.9812000e-01
   2.6179000e-01   8.4947000e-01   4.5811000e-01
   5.7455000e-02   9.7766000e-01   2.0217000e-01
   8.9338000e-02  -2.7850000e-01  -9.5627000e-01
   1.0223000e-01  -5.5937000e-01  -8.2259000e-01
   1.1955000e-01  -1.9105000e-01  -9.7427000e-01
   6.7959000e-01  -5.2859000e-01  -5.0867000e-01
   5.6842000e-01  -6.9127000e-01  -4.4615000e-01
   2.8694000e-01  -7.5534000e-01  -5.8917000e-01
   5.5779000e-01   7.0380000e-01  -4.3992000e-01
   7.3106000e-01   4.3615000e-01  -5.2472000e-01
   1.5142000e-01   1.7549000e-01  -9.7277000e-01
   1.1003000e-01   8.5326000e-02  -9.9026000e-01
   1.5725000e-01   5.9871000e-01  -7.8538000e-01
   2.6893000e-01   7.7349000e-01  -5.7393000e-01
   3.4509000e-01  -2.3716000e-01   9.0811000e-01
   6.0928000e-01  -2.2364000e-01   7.6076000e-01
   4.0196000e-01   1.7756000e-01   8.9828000e-01
   3.2837000e-01  -5.4386000e-02   9.4298000e-01
   7.2507000e-01   3.9420000e-02   6.8754000e-01
   6.3301000e-01   2.0007000e-01   7.4785000e-01
   3.7877000e-01  -9.1215000e-01  -1.5656000e-01
   5.1051000e-01  -8.5686000e-01  -7.1904000e-02
   2.7615000e-01  -9.5822000e-01  -7.4595000e-02
   3.4646000e-01  -9.3589000e-01  -6.3778000e-02
   7.0952000e-01  -6.4981000e-01  -2.7262000e-01
   6.9068000e-01  -7.1091000e-01  -1.3253000e-01
   5.1652000e-01   8.5404000e-01  -6.1805000e-02
   7.1248000e-01   6.2066000e-01  -3.2734000e-01
   7.1092000e-01   6.9640000e-01  -9.8101000e-02
   3.5162000e-01   9.3521000e-01  -4.1831000e-02
   2.4944000e-01   9.6607000e-01  -6.6939000e-02
   4.2105000e-01   8.9219000e-01  -1.6344000e-01
   5.2404000e-01  -6.0690000e-01   5.9754000e-01
   8.1005000e-01  -5.6671000e-01   1.5054000e-01
   8.2059000e-01  -4.0253000e-01   4.0572000e-01
   6.3547000e-01  -4.6375000e-01   6.1734000e-01
   5.5350000e-01  -7.3804000e-01   3.8593000e-01
   6.3806000e-01  -7.5637000e-01   1.4417000e-01
   5.2207000e-01   7.6648000e-01   3.7410000e-01
   6.2310000e-01   7.6786000e-01   1.4881000e-01
   5.3022000e-01   6.0199000e-01   5.9705000e-01
   6.5386000e-01   4.3032000e-01   6.2233000e-01
   8.3089000e-01   5.3479000e-01   1.5367000e-01
   8.3057000e-01   3.6788000e-01   4.1811000e-01
   9.0474000e-01  -3.7761000e-01  -1.9714000e-01
   8.1580000e-01  -5.1710000e-01  -2.5900000e-01
   7.5662000e-01  -5.8628000e-01  -2.8948000e-01
   5.6581000e-01  -6.7569000e-01  -4.7254000e-01
   6.4351000e-01  -6.3383000e-01  -4.2913000e-01
   6.6434000e-01  -6.3787000e-01  -3.8958000e-01
   6.7290000e-01   5.1453000e-01  -5.3148000e-01
   8.5361000e-01   4.3898000e-01  -2.8045000e-01
   8.5549000e-01   2.0869000e-01  -4.7391000e-01
   8.1022000e-01  -5.0694000e-01  -2.9419000e-01
   8.4685000e-01  -2.8688000e-01  -4.4783000e-01
   8.1197000e-01   5.4701000e-01  -2.0365000e-01
   9.0197000e-01   3.9859000e-01  -1.6607000e-01
   7.6486000e-01   5.7640000e-01  -2.8767000e-01
   5.9556000e-01   6.7481000e-01  -4.3583000e-01
   6.5461000e-01   6.5762000e-01  -3.7286000e-01
   8.7214000e-01  -4.3200000e-01  -2.2968000e-01
   8.4024000e-01  -3.2579000e-01  -4.3342000e-01
   8.9234000e-01  -4.1242000e-01  -1.8340000e-01
   9.5559000e-01  -2.0470000e-01  -2.1201000e-01
   7.1164000e-01  -6.9107000e-01   1.2647000e-01
   9.2512000e-01  -3.7326000e-01  -6.9454000e-02
   6.5826000e-01   7.3263000e-01   1.7305000e-01
   8.7432000e-01   4.8518000e-01  -1.2495000e-02
   8.8274000e-01   4.1887000e-01  -2.1288000e-01
   8.3672000e-01   3.0544000e-01  -4.5455000e-01
   9.1908000e-01   3.6296000e-01  -1.5349000e-01
   9.5649000e-01   1.9554000e-01  -2.1654000e-01
   9.9282000e-01  -9.9854000e-02   6.5792000e-02
   9.2243000e-01  -1.6134000e-01   3.5085000e-01
   9.9356000e-01   8.7057000e-02   7.2491000e-02
   9.1385000e-01   1.7563000e-01   3.6611000e-01
   8.5007000e-01   2.7725000e-02   5.2593000e-01
  -9.9624000e-01   5.6207000e-02  -6.5990000e-02
  -9.9705000e-01  -6.5479000e-02  -4.0000000e-02
  -9.7370000e-01   6.9323000e-02   2.1701000e-01
  -9.9086000e-01   9.4307000e-03   1.3460000e-01
  -9.7790000e-01  -7.3429000e-02   1.9576000e-01
  -9.7253000e-01  -1.5400000e-01  -1.7453000e-01
  -9.4569000e-01  -2.9047000e-01  -1.4596000e-01
  -8.9603000e-01  -4.1180000e-01  -1.6596000e-01
  -9.7033000e-01  -1.6584000e-01  -1.7594000e-01
  -9.3891000e-01  -2.9251000e-01  -1.8136000e-01
  -8.8754000e-01  -4.1008000e-01  -2.1001000e-01
  -9.5295000e-01   2.8178000e-01  -1.1173000e-01
  -8.9499000e-01   4.2318000e-01  -1.4114000e-01
  -8.7984000e-01   4.4214000e-01  -1.7432000e-01
  -9.3819000e-01   3.1057000e-01  -1.5278000e-01
  -9.7274000e-01   1.8658000e-01  -1.3771000e-01
  -9.7359000e-01   1.8627000e-01  -1.3200000e-01
  -7.7493000e-01  -6.0733000e-01   1.7504000e-01
  -7.0129000e-01  -6.7180000e-01   2.3849000e-01
  -7.3868000e-01  -5.8168000e-01   3.4059000e-01
  -8.1350000e-01  -4.4595000e-01   3.7330000e-01
  -8.3317000e-01  -4.7293000e-01   2.8666000e-01
  -9.0089000e-01  -9.0532000e-02   4.2450000e-01
  -9.1490000e-01  -1.0002000e-01   3.9109000e-01
  -9.4765000e-01   1.6838000e-02   3.1888000e-01
  -9.2314000e-01   7.4930000e-02   3.7708000e-01
  -8.9114000e-01  -1.3386000e-02   4.5354000e-01
  -9.0603000e-01   6.2509000e-02   4.1857000e-01
  -8.2574000e-01   4.4495000e-01   3.4665000e-01
  -8.4308000e-01   4.8919000e-01   2.2342000e-01
  -7.4108000e-01   5.8674000e-01   3.2639000e-01
  -7.2422000e-01   6.6426000e-01   1.8511000e-01
  -7.9390000e-01   5.9872000e-01   1.0608000e-01
  -7.6910000e-01  -6.1380000e-01   1.7814000e-01
  -5.0206000e-01  -8.5364000e-01  -1.3868000e-01
  -6.6426000e-01  -7.2967000e-01   1.6232000e-01
  -5.4949000e-01  -8.2590000e-01   1.2626000e-01
  -7.6897000e-01  -4.8567000e-01  -4.1571000e-01
  -5.5058000e-01  -4.9569000e-01  -6.7168000e-01
  -4.8995000e-01   8.7004000e-01   5.4613000e-02
  -6.5805000e-01   4.4076000e-01  -6.1049000e-01
  -6.5108000e-01   7.4381000e-01   1.5111000e-01
  -7.6976000e-01   6.2805000e-01   1.1415000e-01
  -4.9687000e-01   8.4220000e-01  -2.0934000e-01
  -5.4196000e-01   4.0226000e-01  -7.3788000e-01
  -5.7098000e-01  -7.8335000e-01  -2.4566000e-01
  -5.0639000e-01  -8.3159000e-01  -2.2811000e-01
  -5.0514000e-01  -8.4840000e-01  -1.5830000e-01
  -5.5283000e-01  -8.0795000e-01  -2.0395000e-01
  -4.5909000e-01  -8.5585000e-01  -2.3821000e-01
  -4.6330000e-01  -8.6808000e-01  -1.7830000e-01
  -5.3821000e-01   8.3333000e-01  -1.2605000e-01
  -5.9655000e-01   7.9056000e-01  -1.3838000e-01
  -5.8802000e-01   7.9351000e-01  -1.5677000e-01
  -4.6989000e-01   8.6731000e-01  -1.6422000e-01
  -3.8120000e-01   9.0448000e-01  -1.9131000e-01
  -4.1378000e-01   8.9688000e-01  -1.5620000e-01
  -3.7975000e-01   4.3856000e-03  -9.2508000e-01
  -3.8670000e-01   1.0838000e-02  -9.2214000e-01
  -3.8627000e-01  -4.1925000e-03  -9.2237000e-01
  -3.8707000e-01   2.7056000e-02  -9.2165000e-01
  -3.8363000e-01   2.7799000e-02  -9.2307000e-01
  -3.8541000e-01   1.7882000e-02  -9.2257000e-01
  -4.3043000e-01  -1.8675000e-01   8.8310000e-01
  -6.2409000e-01  -1.8353000e-01   7.5949000e-01
  -4.0488000e-01  -4.6578000e-01   7.8684000e-01
  -3.1150000e-01  -3.2240000e-01   8.9388000e-01
  -5.5032000e-01  -4.6856000e-01   6.9109000e-01
  -6.7598000e-01  -3.1876000e-01   6.6441000e-01
  -6.2288000e-01   2.2740000e-01   7.4854000e-01
  -4.0352000e-01   4.6477000e-01   7.8814000e-01
  -3.4365000e-01   3.3490000e-01   8.7735000e-01
  -4.5005000e-01   2.2499000e-01   8.6419000e-01
  -6.6902000e-01   3.0722000e-01   6.7678000e-01
  -5.5954000e-01   4.5034000e-01   6.9578000e-01
  -1.4604000e-01  -9.7566000e-01  -1.6358000e-01
  -9.8647000e-02  -9.6326000e-01  -2.4980000e-01
  -2.4463000e-01  -9.6354000e-01  -1.0839000e-01
  -2.6459000e-01  -9.5366000e-01  -1.4327000e-01
  -1.9136000e-01  -9.5775000e-01  -2.1468000e-01
  -2.4012000e-01   9.6407000e-01  -1.1367000e-01
  -2.5796000e-01   9.6251000e-01  -8.3892000e-02
  -1.4827000e-01   9.7080000e-01  -1.8856000e-01
  -5.4853000e-02   9.7329000e-01  -2.2292000e-01
  -1.6097000e-01   9.7445000e-01  -1.5663000e-01
  -2.1239000e-01  -9.6434000e-01   1.5793000e-01
  -3.2844000e-01  -9.3954000e-01   9.6873000e-02
  -4.2913000e-01  -8.8377000e-01   1.8653000e-01
  -4.2949000e-01  -8.3193000e-01   3.5133000e-01
  -2.0768000e-01  -9.0251000e-01   3.7729000e-01
  -3.0864000e-01  -8.2774000e-01   4.6859000e-01
  -2.7524000e-01   8.4661000e-01   4.5551000e-01
  -1.4650000e-01   9.7097000e-01   1.8912000e-01
  -1.4783000e-01   9.2630000e-01   3.4656000e-01
  -3.0010000e-01   9.4737000e-01   1.1152000e-01
  -4.0092000e-01   8.9712000e-01   1.8560000e-01
  -3.8838000e-01   8.4690000e-01   3.6321000e-01
   2.0081000e-01  -5.0570000e-01  -8.3902000e-01
  -1.9955000e-01  -2.0508000e-01  -9.5819000e-01
   2.8479000e-01  -7.2400000e-01  -6.2827000e-01
   2.7144000e-01  -8.0216000e-01  -5.3185000e-01
  -2.4683000e-01  -2.4327000e-01  -9.3803000e-01
   6.3869000e-02  -7.1066000e-01  -7.0063000e-01
  -3.5291000e-01   6.6231000e-02  -9.3331000e-01
  -7.4880000e-02   5.7144000e-01  -8.1722000e-01
  -3.7115000e-01   7.8786000e-02  -9.2522000e-01
  -3.5511000e-02   3.9241000e-01  -9.1910000e-01
   2.5696000e-01   8.2276000e-01  -5.0698000e-01
   2.7465000e-01   7.4800000e-01  -6.0420000e-01
   1.0240000e-01  -9.8950000e-01  -1.0202000e-01
  -1.6751000e-01  -9.7222000e-01  -1.6351000e-01
   1.6968000e-02  -9.9353000e-01  -1.1225000e-01
  -1.4117000e-01  -9.7870000e-01  -1.4906000e-01
  -6.6537000e-02  -9.8490000e-01  -1.5982000e-01
   6.8624000e-02  -9.8932000e-01  -1.2860000e-01
  -4.7090000e-01  -5.8829000e-02  -8.8022000e-01
  -4.7889000e-01   7.2147000e-02  -8.7490000e-01
  -1.8160000e-01  -8.9876000e-02  -9.7926000e-01
  -2.4934000e-01   5.2442000e-02  -9.6699000e-01
   7.9315000e-02  -6.0258000e-02  -9.9503000e-01
   1.0830000e-01  -5.7362000e-02   9.9246000e-01
   1.2168000e-01   1.9801000e-02   9.9237000e-01
   9.1462000e-02  -1.4603000e-02   9.9570000e-01
   1.0746000e-01  -2.8340000e-02   9.9381000e-01
   1.5814000e-01  -5.6107000e-02   9.8582000e-01
   8.2117000e-03   9.9536000e-01  -9.5848000e-02
  -1.0029000e-01   9.8812000e-01  -1.1647000e-01
  -1.4929000e-01   9.7492000e-01  -1.6505000e-01
  -2.1519000e-01   9.6574000e-01  -1.4502000e-01
   5.6527000e-02   9.9515000e-01  -8.0519000e-02
   1.4895000e-02   9.9455000e-01  -1.0324000e-01
   2.1674000e-01  -4.3340000e-01   8.7475000e-01
   2.6476000e-01  -4.1514000e-01   8.7038000e-01
   1.8770000e-01  -5.5249000e-01   8.1211000e-01
   2.4270000e-01  -6.3011000e-01   7.3760000e-01
   2.8052000e-01  -6.0243000e-01   7.4725000e-01
   2.8267000e-01  -4.8722000e-01   8.2626000e-01
   1.8435000e-01   6.5943000e-01   7.2881000e-01
   2.4826000e-01   6.3140000e-01   7.3465000e-01
   2.6152000e-01   5.2350000e-01   8.1089000e-01
   2.1462000e-01   4.4515000e-01   8.6936000e-01
   1.1573000e-01   5.8268000e-01   8.0442000e-01
   1.4079000e-01   4.7470000e-01   8.6881000e-01
   3.6213000e-02  -9.3686000e-01  -3.4782000e-01
   3.1515000e-01  -8.1537000e-01  -4.8564000e-01
   2.0327000e-02  -8.8946000e-01  -4.5655000e-01
   1.4647000e-01  -8.2765000e-01  -5.4179000e-01
   1.6917000e-01  -9.4176000e-01  -2.9062000e-01
   3.1223000e-01  -8.6780000e-01  -3.8658000e-01
   3.1343000e-01   8.5954000e-01  -4.0368000e-01
   3.1796000e-01   8.0034000e-01  -5.0828000e-01
   1.6108000e-01   8.1621000e-01  -5.5484000e-01
   2.8235000e-02   8.7486000e-01  -4.8356000e-01
   1.8293000e-01   9.3145000e-01  -3.1454000e-01
   5.0043000e-02   9.3028000e-01  -3.6342000e-01
   2.5381000e-01  -9.6057000e-01   1.1354000e-01
   1.5185000e-01  -9.8830000e-01  -1.4161000e-02
   1.4257000e-01  -9.8790000e-01   6.1054000e-02
   1.6719000e-01  -9.5444000e-01   2.4718000e-01
   2.7685000e-01  -9.0739000e-01   3.1621000e-01
   1.9078000e-01   9.8050000e-01   4.7202000e-02
   1.2594000e-01   9.8638000e-01   1.0585000e-01
   2.8461000e-01   9.4738000e-01   1.4649000e-01
   2.9681000e-01   9.0342000e-01   3.0942000e-01
   1.6553000e-01   9.5039000e-01   2.6335000e-01
   3.2435000e-02  -3.0724000e-01  -9.5108000e-01
   5.2715000e-02  -4.5915000e-01  -8.8679000e-01
   3.9999000e-01  -4.8465000e-01  -7.7790000e-01
   5.3860000e-01  -6.7099000e-01  -5.0959000e-01
   3.9703000e-01  -7.2720000e-01  -5.5995000e-01
   1.6252000e-01  -6.5502000e-01  -7.3792000e-01
   5.3411000e-01   6.5053000e-01  -5.3995000e-01
   3.9876000e-01   4.1813000e-01  -8.1619000e-01
   9.2496000e-02   4.5463000e-01  -8.8586000e-01
   3.9904000e-02   2.4584000e-01  -9.6849000e-01
   1.4642000e-01   6.5310000e-01  -7.4298000e-01
   3.7346000e-01   7.3510000e-01  -5.6583000e-01
   4.8343000e-01  -1.3390000e-01   8.6508000e-01
   6.2706000e-01  -3.6089000e-02   7.7813000e-01
   4.0718000e-01   4.8863000e-02   9.1204000e-01
   3.8419000e-01  -9.0947000e-02   9.1876000e-01
   6.3569000e-01   7.7274000e-02   7.6806000e-01
   5.1104000e-01   1.1999000e-01   8.5114000e-01
   5.2944000e-01  -8.4307000e-01  -9.4432000e-02
   4.5689000e-01  -8.8432000e-01  -9.6072000e-02
   4.0904000e-01  -9.0862000e-01  -8.4198000e-02
   3.9365000e-01  -9.1529000e-01  -8.5375000e-02
   5.5190000e-01  -8.1749000e-01  -1.6469000e-01
   6.5512000e-01  -7.4323000e-01  -1.3575000e-01
   5.7841000e-01   7.7969000e-01  -2.3984000e-01
   7.1132000e-01   6.9046000e-01  -1.3153000e-01
   5.9182000e-01   8.0122000e-01  -8.8275000e-02
   4.5115000e-01   8.8590000e-01  -1.0793000e-01
   4.0729000e-01   9.0988000e-01  -7.8901000e-02
   4.3887000e-01   8.9455000e-01  -8.4637000e-02
   5.7578000e-01  -6.6633000e-01   4.7379000e-01
   7.6775000e-01  -5.4707000e-01   3.3358000e-01
   7.0368000e-01  -5.0994000e-01   4.9477000e-01
   5.9558000e-01  -5.7938000e-01   5.5642000e-01
   6.1085000e-01  -7.1825000e-01   3.3314000e-01
   7.0690000e-01  -6.6127000e-01   2.5101000e-01
   5.6743000e-01   6.7302000e-01   4.7441000e-01
   5.9541000e-01   7.2871000e-01   3.3834000e-01
   6.0873000e-01   5.5476000e-01   5.6718000e-01
   7.1872000e-01   4.7259000e-01   5.1000000e-01
   7.1431000e-01   6.5071000e-01   2.5755000e-01
   7.8719000e-01   5.1219000e-01   3.4350000e-01
   8.2916000e-01  -4.6428000e-01  -3.1135000e-01
   8.5009000e-01  -4.2989000e-01  -3.0421000e-01
   6.8382000e-01  -5.9303000e-01  -4.2509000e-01
   6.5457000e-01  -6.1396000e-01  -4.4113000e-01
   7.5443000e-01  -5.5029000e-01  -3.5778000e-01
   7.5667000e-01  -3.9901000e-01  -5.1791000e-01
   6.6533000e-01  -8.8424000e-02  -7.4130000e-01
   7.5213000e-01   3.0418000e-01  -5.8461000e-01
   9.1562000e-01   1.8896000e-01  -3.5488000e-01
   8.8197000e-01  -2.8980000e-01  -3.7167000e-01
   9.1107000e-01  -5.9174000e-02  -4.0799000e-01
   7.7011000e-01   5.5592000e-01  -3.1288000e-01
   8.5527000e-01   4.6100000e-01  -2.3663000e-01
   8.4173000e-01   4.6818000e-01  -2.6888000e-01
   7.0339000e-01   6.0721000e-01  -3.6952000e-01
   6.5650000e-01   6.4276000e-01  -3.9479000e-01
   8.4394000e-01  -2.9209000e-01  -4.4995000e-01
   8.9567000e-01  -2.9032000e-01  -3.3689000e-01
   8.2444000e-01  -3.1629000e-01  -4.6933000e-01
   8.7276000e-01  -2.9341000e-01  -3.9013000e-01
   8.3287000e-01  -5.3187000e-01  -1.5313000e-01
   8.8544000e-01  -4.5467000e-01  -9.6301000e-02
   7.9346000e-01   6.0821000e-01   2.2335000e-02
   8.9426000e-01   3.5282000e-01  -2.7535000e-01
   8.5315000e-01   3.1468000e-01  -4.1607000e-01
   8.0488000e-01   3.1514000e-01  -5.0284000e-01
   7.6747000e-01   6.3960000e-01  -4.3582000e-02
   8.3467000e-01   3.7978000e-01  -3.9886000e-01
   9.9248000e-01  -1.2379000e-02   1.2177000e-01
   9.7122000e-01  -8.8869000e-02   2.2100000e-01
   9.6753000e-01   1.0047000e-01   2.3192000e-01
   9.0697000e-01   6.7671000e-02   4.1573000e-01
   9.1321000e-01  -4.0258000e-02   4.0549000e-01
   9.4222000e-01  -2.1634000e-01  -2.5576000e-01
   7.9811000e-01   5.8349000e-01   1.5020000e-01
   7.6536000e-01  -6.1156000e-01   2.0054000e-01
   7.0428000e-01  -6.9892000e-01   1.2451000e-01
   8.2397000e-01   5.0297000e-01   2.6096000e-01
   9.7879000e-01  -1.4837000e-01   1.4127000e-01
   6.0591000e-01   6.9178000e-01  -3.9283000e-01
   7.7140000e-01   6.0816000e-01  -1.8729000e-01
   8.3802000e-01   5.1333000e-01  -1.8496000e-01
   8.5119000e-01   5.1799000e-01  -8.4595000e-02
   5.7820000e-01   8.1319000e-01  -6.6385000e-02
   6.9452000e-01   7.1856000e-01   3.6264000e-02
  -9.4807000e-01  -3.1424000e-01  -4.9270000e-02
  -9.0345000e-01  -4.2654000e-01   4.2991000e-02
  -8.7403000e-01  -4.0526000e-01   2.6802000e-01
  -8.8806000e-01  -2.8101000e-01   3.6385000e-01
  -9.2460000e-01  -1.9576000e-01   3.2680000e-01
  -9.8029000e-01  -1.8521000e-01   6.8725000e-02
   1.6483000e-01  -1.1522000e-01   9.7957000e-01
   2.1477000e-01  -2.2931000e-01   9.4936000e-01
   2.6365000e-01  -3.3067000e-01   9.0617000e-01
   2.7907000e-01  -3.0537000e-01   9.1042000e-01
   2.9686000e-01  -1.9567000e-01   9.3466000e-01
   2.3093000e-01  -1.4237000e-01   9.6250000e-01
   3.2270000e-01  -4.8156000e-01   8.1484000e-01
   4.3892000e-01  -5.6241000e-01   7.0075000e-01
   3.2056000e-01  -3.7322000e-01   8.7060000e-01
   4.5842000e-01  -3.1549000e-01   8.3085000e-01
   5.4618000e-01  -5.2930000e-01   6.4925000e-01
   5.7741000e-01  -4.1359000e-01   7.0394000e-01
  -8.4204000e-01  -5.2102000e-01  -1.3967000e-01
  -7.4378000e-01  -6.4227000e-01  -1.8518000e-01
  -8.3553000e-01  -5.4629000e-01  -5.8873000e-02
  -7.6569000e-01  -6.4311000e-01   1.1449000e-02
  -6.5570000e-01  -7.3893000e-01  -1.5505000e-01
  -6.9210000e-01  -7.1990000e-01  -5.2298000e-02
  -7.9472000e-01  -5.6477000e-01  -2.2237000e-01
  -7.9825000e-01  -5.9063000e-01  -1.1811000e-01
  -7.1252000e-01  -7.0117000e-01  -2.5939000e-02
  -6.3942000e-01  -7.6047000e-01  -1.1324000e-01
  -6.9338000e-01  -6.7342000e-01  -2.5638000e-01
  -6.2242000e-01  -7.4811000e-01  -2.3003000e-01
   8.7439000e-02  -9.8609000e-01  -1.4134000e-01
   9.2046000e-02  -9.7845000e-01  -1.8485000e-01
   1.5855000e-01  -9.6062000e-01  -2.2817000e-01
   2.1881000e-01  -9.4846000e-01  -2.2923000e-01
   2.5862000e-01  -9.5582000e-01  -1.3976000e-01
   1.2460000e-01  -9.8617000e-01  -1.0928000e-01
   6.2447000e-01  -7.6342000e-01  -1.6502000e-01
   7.5180000e-01  -5.6718000e-01  -3.3631000e-01
   7.2817000e-01  -6.8116000e-01   7.6106000e-02
   6.1927000e-01  -7.8518000e-01  -1.7597000e-03
   8.3158000e-01  -4.6942000e-01  -2.9687000e-01
   8.2172000e-01  -5.6989000e-01   1.1817000e-03
  -9.9694000e-01  -6.7012000e-02  -4.0166000e-02
  -9.8502000e-01  -6.4223000e-02  -1.6003000e-01
  -9.8218000e-01   1.1645000e-01  -1.4749000e-01
  -9.8663000e-01  -2.6070000e-04  -1.6296000e-01
  -9.9749000e-01   1.6367000e-02   6.8897000e-02
  -9.8980000e-01   1.3716000e-01  -3.8604000e-02
  -9.7186000e-01   2.3295000e-01   3.5002000e-02
  -9.4195000e-01   3.3342000e-01  -3.9470000e-02
  -9.4397000e-01   1.8694000e-01   2.7199000e-01
  -8.9636000e-01   3.0214000e-01   3.2442000e-01
  -8.8568000e-01   4.2843000e-01   1.7892000e-01
  -8.9237000e-01   4.5103000e-01   1.5740000e-02
  -8.4652000e-01   5.3165000e-01  -2.7460000e-02
  -8.4269000e-01   5.2725000e-01  -1.0900000e-01
  -7.8739000e-01   6.1645000e-01  -1.7564000e-03
  -6.9174000e-01   7.2029000e-01  -5.1695000e-02
  -6.5410000e-01   7.4639000e-01  -1.2270000e-01
  -7.5057000e-01   6.4248000e-01  -1.5447000e-01
  -7.5328000e-01   6.3190000e-01  -1.8238000e-01
  -8.2450000e-01   5.4663000e-01  -1.4631000e-01
  -7.3936000e-01   6.7186000e-01   4.4180000e-02
  -8.3690000e-01   5.4663000e-01  -2.8237000e-02
  -6.7495000e-01   7.2101000e-01  -1.5680000e-01
  -6.4550000e-01   7.6098000e-01  -6.5052000e-02
  -3.5713000e-01   2.0634000e-02  -9.3383000e-01
  -3.2371000e-01   3.4510000e-02  -9.4553000e-01
  -3.5532000e-01  -2.3405000e-02  -9.3445000e-01
  -3.9175000e-01   9.4606000e-03  -9.2002000e-01
  -3.6791000e-01   1.3877000e-01  -9.1945000e-01
  -3.2805000e-01  -4.2203000e-02  -9.4372000e-01
  -4.0218000e-01  -5.2161000e-02  -9.1407000e-01
  -3.8507000e-01   1.9398000e-02  -9.2268000e-01
  -3.7496000e-01   2.2825000e-02  -9.2676000e-01
  -3.7953000e-01   1.8757000e-02  -9.2499000e-01
  -3.5312000e-01  -4.3952000e-02  -9.3454000e-01
  -3.6180000e-01  -1.5653000e-01  -9.1902000e-01
   3.7814000e-01   9.1629000e-01   1.3198000e-01
   4.7410000e-01   8.3714000e-01   2.7283000e-01
   4.2611000e-01   9.0442000e-01  -2.1364000e-02
   3.4343000e-01   9.3913000e-01  -9.3552000e-03
   5.3659000e-01   8.1264000e-01   2.2736000e-01
   5.4124000e-01   8.3875000e-01   5.9607000e-02
   6.4116000e-01   7.6715000e-01   1.9728000e-02
   6.5793000e-01   7.2261000e-01  -2.1204000e-01
   7.3971000e-01   6.6891000e-01   7.3424000e-02
   8.3071000e-01   5.5656000e-01  -1.2665000e-02
   8.2651000e-01   4.5204000e-01  -3.3547000e-01
   7.6197000e-01   5.1807000e-01  -3.8859000e-01
   8.5235000e-01   4.3072000e-01  -2.9661000e-01
   8.3569000e-01   5.4405000e-01  -7.5037000e-02
   9.0001000e-01   4.1140000e-01  -1.4398000e-01
   8.2724000e-01   5.4856000e-01  -1.2146000e-01
   9.2369000e-01   3.7988000e-01  -4.9830000e-02
   9.2581000e-01   3.4987000e-01  -1.4308000e-01
   9.8310000e-02   9.9355000e-01  -5.6452000e-02
   1.1397000e-01   9.9056000e-01  -7.6156000e-02
   2.3935000e-01   9.6998000e-01  -4.3101000e-02
   1.6986000e-01   9.8391000e-01  -5.5367000e-02
   2.2792000e-01   9.7316000e-01  -3.1788000e-02
   1.1769000e-01   9.9197000e-01  -4.6217000e-02
   1.2414000e-01   9.9084000e-01  -5.3218000e-02
   3.7815000e-02   9.9610000e-01  -7.9676000e-02
   1.6131000e-01   9.5524000e-01  -2.4797000e-01
   4.3745000e-02   9.8186000e-01  -1.8449000e-01
   2.7174000e-01   9.5578000e-01  -1.1245000e-01
   2.6995000e-01   9.3481000e-01  -2.3079000e-01
   4.1088000e-01   8.6565000e-01  -2.8605000e-01
   4.1510000e-01   8.2581000e-01  -3.8174000e-01
   6.5853000e-01   7.0555000e-01  -2.6180000e-01
   5.5837000e-01   8.0023000e-01  -2.1877000e-01
   6.2465000e-01   6.8448000e-01  -3.7590000e-01
   5.2980000e-01   7.3217000e-01  -4.2806000e-01
  -8.8119000e-01   1.6614000e-01   4.4261000e-01
  -8.2123000e-01   1.7091000e-01   5.4439000e-01
  -8.7274000e-01   2.7219000e-01   4.0526000e-01
  -8.3374000e-01   3.6015000e-01   4.1854000e-01
  -7.6055000e-01   3.0269000e-01   5.7441000e-01
  -7.7287000e-01   3.9039000e-01   5.0027000e-01
  -4.9377000e-02  -3.2918000e-01  -9.4297000e-01
   1.6426000e-01  -4.9996000e-01  -8.5033000e-01
   8.1007000e-02  -3.3274000e-01  -9.3953000e-01
   2.5213000e-01  -3.5544000e-01  -9.0005000e-01
   1.5631000e-01  -4.1686000e-01  -8.9543000e-01
   1.4325000e-01  -5.5614000e-01  -8.1865000e-01
   9.1733000e-02  -6.7357000e-01  -7.3341000e-01
   1.3231000e-01  -7.4254000e-01  -6.5661000e-01
   1.2300000e-01  -7.7394000e-01  -6.2120000e-01
   6.4336000e-02  -7.8119000e-01  -6.2097000e-01
   1.3617000e-01  -7.0271000e-01  -6.9832000e-01
   2.0365000e-01  -7.6958000e-01  -6.0520000e-01
   5.0725000e-01   7.1760000e-01  -4.7723000e-01
   4.0754000e-01   7.5788000e-01  -5.0944000e-01
   4.3592000e-01   7.7278000e-01  -4.6128000e-01
   3.5646000e-01   7.9344000e-01  -4.9335000e-01
   5.6471000e-01   7.0961000e-01  -4.2136000e-01
   5.5167000e-01   7.2422000e-01  -4.1372000e-01
   6.5961000e-01   6.4019000e-01  -3.9380000e-01
   6.8254000e-01   5.9316000e-01  -4.2695000e-01
   8.1873000e-01   4.2854000e-01  -3.8214000e-01
   7.6788000e-01   4.3928000e-01  -4.6626000e-01
   7.7855000e-01   5.7513000e-01  -2.5117000e-01
   7.2838000e-01   6.0820000e-01  -3.1551000e-01
   2.2915000e-01  -9.7780000e-02  -9.6847000e-01
   2.6967000e-01   1.3667000e-01  -9.5320000e-01
   2.2771000e-01  -2.8079000e-01  -9.3237000e-01
   5.0702000e-02  -1.9755000e-01  -9.7898000e-01
   7.1006000e-02   7.6713000e-02  -9.9452000e-01
   2.6035000e-02  -4.3371000e-02  -9.9872000e-01
   3.5374000e-01  -6.6414000e-02  -9.3298000e-01
   6.1838000e-01  -2.9696000e-01  -7.2761000e-01
   8.1151000e-01   2.1848000e-01  -5.4196000e-01
   6.4378000e-01   1.8561000e-01  -7.4236000e-01
   8.4718000e-01  -4.4090000e-02  -5.2947000e-01
   7.8492000e-01  -3.0907000e-01  -5.3701000e-01
  -3.9432000e-01   3.1729000e-02  -9.1843000e-01
  -4.0347000e-01   2.4175000e-02  -9.1467000e-01
  -3.9861000e-01   2.6665000e-02  -9.1673000e-01
  -3.5377000e-01  -4.6706000e-03  -9.3532000e-01
  -3.3215000e-01  -7.7493000e-02  -9.4004000e-01
  -3.2394000e-01  -8.1075000e-02  -9.4260000e-01
  -3.8044000e-01   2.0490000e-02  -9.2458000e-01
  -3.7566000e-01   4.0698000e-02  -9.2586000e-01
  -3.7780000e-01   1.5596000e-02  -9.2576000e-01
  -3.8070000e-01   1.0577000e-02  -9.2464000e-01
  -3.7946000e-01   1.6861000e-02  -9.2505000e-01
  -3.7974000e-01   1.3736000e-02  -9.2499000e-01
   5.2040000e-02   3.6602000e-01  -9.2915000e-01
   2.3854000e-01   5.7444000e-01  -7.8302000e-01
  -2.2392000e-01   8.1846000e-02  -9.7116000e-01
  -5.2800000e-02   1.8023000e-01  -9.8221000e-01
   2.4567000e-01   2.1034000e-01  -9.4626000e-01
   2.3773000e-01   3.8786000e-01  -8.9053000e-01
   2.2420000e-01   7.9701000e-01  -5.6081000e-01
   9.7228000e-02   8.0304000e-01  -5.8795000e-01
   1.9160000e-01   7.8807000e-01  -5.8501000e-01
   1.1587000e-01   7.9059000e-01  -6.0129000e-01
   1.8737000e-01   7.1638000e-01  -6.7209000e-01
   1.2184000e-01   7.1553000e-01  -6.8787000e-01
   3.1144000e-01   7.0635000e-01   6.3567000e-01
   4.2761000e-01   6.5852000e-01   6.1928000e-01
   3.5763000e-01   8.1153000e-01   4.6208000e-01
   3.0080000e-01   7.6309000e-01   5.7202000e-01
   4.5092000e-01   7.9047000e-01   4.1453000e-01
   4.8754000e-01   7.0753000e-01   5.1158000e-01
   3.6125000e-01   4.8980000e-01   7.9347000e-01
   3.8376000e-01   3.3593000e-01   8.6016000e-01
   5.0681000e-01   2.7282000e-01   8.1775000e-01
   6.0488000e-01   3.7922000e-01   7.0022000e-01
   4.6999000e-01   5.5842000e-01   6.8357000e-01
   5.6570000e-01   5.0760000e-01   6.4986000e-01
   2.2964000e-01   1.6509000e-02   9.7313000e-01
   1.3687000e-01   6.8107000e-02   9.8824000e-01
   2.2209000e-01   3.1816000e-01   9.2166000e-01
   1.6532000e-01   2.0535000e-01   9.6462000e-01
   3.1112000e-01   2.5774000e-01   9.1475000e-01
   3.3781000e-01   1.1139000e-01   9.3460000e-01
  -1.6540000e-01   2.9312000e-01   9.4166000e-01
  -1.0628000e-01   2.0343000e-01   9.7331000e-01
   9.6238000e-02   2.5133000e-01   9.6311000e-01
   1.5511000e-02   1.6824000e-01   9.8562000e-01
   7.0642000e-02   3.8965000e-01   9.1825000e-01
  -5.2870000e-02   4.1758000e-01   9.0710000e-01
   8.9841000e-01  -4.3473000e-01   6.2240000e-02
   8.7188000e-01  -4.3407000e-01   2.2673000e-01
   9.5249000e-01  -3.0263000e-01  -3.4300000e-02
   9.8146000e-01  -1.8853000e-01   3.4552000e-02
   9.6895000e-01  -1.8647000e-01   1.6237000e-01
   9.1003000e-01  -2.9497000e-01   2.9128000e-01
   6.9268000e-01  -3.0617000e-01   6.5304000e-01
   7.2326000e-01  -1.1506000e-01   6.8093000e-01
   8.4733000e-01  -2.5114000e-01   4.6793000e-01
   7.5292000e-01  -3.5114000e-01   5.5660000e-01
   8.5502000e-01  -9.4766000e-02   5.0986000e-01
   7.9794000e-01  -2.8754000e-02   6.0205000e-01
   9.6242000e-01  -4.7070000e-02  -2.6745000e-01
   9.3006000e-01  -1.9093000e-01  -3.1391000e-01
   9.4472000e-01   1.7263000e-01  -2.7874000e-01
   9.9553000e-01   7.0117000e-02  -6.3341000e-02
   9.9586000e-01  -7.6526000e-02  -4.9035000e-02
   9.9989000e-01  -1.3375000e-02   6.1413000e-03
   8.8011000e-01   4.1393000e-01   2.3253000e-01
   9.0914000e-01   2.8067000e-01   3.0770000e-01
   8.9646000e-01   4.3614000e-01   7.8425000e-02
   9.5498000e-01   2.9279000e-01  -4.7881000e-02
   9.8490000e-01   1.6899000e-01   3.7518000e-02
   9.6514000e-01   1.8760000e-01   1.8253000e-01
   7.9245000e-01   8.2305000e-02   6.0436000e-01
   7.2360000e-01   1.3189000e-01   6.7751000e-01
   7.0263000e-01   2.7223000e-01   6.5742000e-01
   7.6063000e-01   3.2644000e-01   5.6114000e-01
   8.4858000e-01   2.3543000e-01   4.7380000e-01
   8.4878000e-01   1.1684000e-01   5.1567000e-01
  -3.3753000e-01  -9.3113000e-01  -1.3813000e-01
  -2.2650000e-01  -9.6093000e-01  -1.5910000e-01
  -2.7780000e-01  -9.6059000e-01  -9.4608000e-03
  -3.3473000e-01  -9.4144000e-01  -4.0557000e-02
  -1.8929000e-01  -9.7236000e-01  -1.3670000e-01
  -1.9012000e-01  -9.7922000e-01  -7.0569000e-02
  -6.0102000e-01  -7.9908000e-01   1.5506000e-02
  -6.1312000e-01  -7.7086000e-01   1.7280000e-01
  -4.4451000e-01  -8.9560000e-01   1.7813000e-02
  -5.1233000e-01  -8.5651000e-01  -6.2534000e-02
  -4.7607000e-01  -8.6483000e-01   1.5944000e-01
  -5.4848000e-01  -8.0652000e-01   2.2066000e-01
  -1.1639000e-01  -2.8787000e-01   9.5057000e-01
  -2.0215000e-02  -3.7693000e-01   9.2602000e-01
   8.0102000e-02  -1.5950000e-01   9.8394000e-01
  -4.7141000e-02  -2.0178000e-01   9.7829000e-01
   1.2606000e-01  -2.4036000e-01   9.6246000e-01
   1.2930000e-01  -3.4629000e-01   9.2918000e-01
  -1.8744000e-01  -6.8257000e-02   9.7990000e-01
  -3.5087000e-01  -5.9867000e-02   9.3451000e-01
  -3.6216000e-01   1.1351000e-01   9.2518000e-01
  -4.5660000e-01   3.9303000e-02   8.8880000e-01
  -1.9735000e-01   1.1773000e-01   9.7324000e-01
  -1.4488000e-01   1.8419000e-02   9.8928000e-01
  -5.9085000e-01  -7.4145000e-01   3.1803000e-01
  -7.0008000e-01  -6.0873000e-01   3.7327000e-01
  -5.8760000e-01  -5.7133000e-01   5.7298000e-01
  -7.1695000e-01  -5.2993000e-01   4.5295000e-01
  -5.0437000e-01  -7.6159000e-01   4.0694000e-01
  -4.7086000e-01  -6.8780000e-01   5.5246000e-01
  -3.2872000e-01  -6.9502000e-01   6.3945000e-01
  -2.7949000e-01  -5.9070000e-01   7.5694000e-01
  -2.5319000e-01  -7.5351000e-01   6.0673000e-01
  -1.0025000e-01  -7.2253000e-01   6.8404000e-01
  -9.6172000e-02  -5.4570000e-01   8.3245000e-01
  -8.5001000e-04  -6.1828000e-01   7.8596000e-01
  -8.0553000e-01  -3.9442000e-01   4.4221000e-01
  -8.3828000e-01  -3.7377000e-01   3.9697000e-01
  -8.7584000e-01  -2.7278000e-01   3.9812000e-01
  -8.8571000e-01  -1.7187000e-01   4.3124000e-01
  -8.0027000e-01  -2.7901000e-01   5.3078000e-01
  -8.5162000e-01  -1.6705000e-01   4.9683000e-01
  -8.2603000e-01  -6.9327000e-02   5.5935000e-01
  -8.5317000e-01   1.2682000e-02   5.2147000e-01
  -6.2683000e-01   3.7075000e-02   7.7827000e-01
  -7.0775000e-01  -6.1040000e-02   7.0382000e-01
  -8.0648000e-01   1.0111000e-01   5.8255000e-01
  -7.0181000e-01   1.3467000e-01   6.9952000e-01
   1.4571000e-01  -9.8794000e-01  -5.2434000e-02
   1.3734000e-01  -9.8790000e-01  -7.1995000e-02
   1.6987000e-01  -9.8351000e-01  -6.2142000e-02
   1.7368000e-01  -9.8344000e-01  -5.1699000e-02
   2.4709000e-01  -9.6815000e-01  -4.0295000e-02
   2.2078000e-01  -9.7352000e-01  -5.9293000e-02
  -7.7794000e-02  -9.9650000e-01  -3.0473000e-02
  -5.4581000e-02  -9.9643000e-01   6.4393000e-02
   1.4529000e-01  -9.8849000e-01  -4.2123000e-02
   3.8601000e-02  -9.9755000e-01  -5.8374000e-02
   1.3057000e-01  -9.9074000e-01   3.7185000e-02
   6.2970000e-02  -9.9082000e-01   1.1962000e-01
   9.4395000e-02  -9.4665000e-01   3.0814000e-01
  -1.4880000e-02  -8.8831000e-01   4.5900000e-01
   4.9910000e-02  -7.8392000e-01   6.1885000e-01
   2.1641000e-01  -7.2412000e-01   6.5484000e-01
   1.6444000e-01  -9.0286000e-01   3.9724000e-01
   2.3174000e-01  -7.7005000e-01   5.9441000e-01
   3.1242000e-01  -7.2695000e-01   6.1150000e-01
   3.2022000e-01  -6.7398000e-01   6.6574000e-01
   3.7394000e-01  -7.8236000e-01   4.9808000e-01
   4.8000000e-01  -7.5372000e-01   4.4890000e-01
   4.1450000e-01  -6.4967000e-01   6.3727000e-01
   4.9625000e-01  -6.9103000e-01   5.2556000e-01
   3.4492000e-01  -9.3705000e-01  -5.4471000e-02
   3.9405000e-01  -9.1433000e-01   9.3363000e-02
   5.4886000e-01  -8.3563000e-01   2.1843000e-02
   4.5018000e-01  -8.9098000e-01  -5.9050000e-02
   5.2029000e-01  -8.0932000e-01   2.7258000e-01
   5.7035000e-01  -7.9188000e-01   2.1822000e-01
  -5.2138000e-01  -8.5220000e-01   4.3860000e-02
  -3.6677000e-01  -9.3005000e-01  -2.1838000e-02
  -5.7586000e-01  -8.1498000e-01  -6.4669000e-02
  -4.9143000e-01  -8.6035000e-01  -1.3529000e-01
  -3.3471000e-01  -9.3993000e-01  -6.7051000e-02
  -3.8977000e-01  -9.1292000e-01  -1.2107000e-01
  -2.4165000e-01  -7.2683000e-01  -6.4290000e-01
  -2.7421000e-01  -9.3498000e-01  -2.2499000e-01
  -2.2697000e-01  -9.7061000e-01  -7.9988000e-02
  -1.2298000e-01  -9.7578000e-01  -1.8089000e-01
  -1.3873000e-02  -8.7153000e-01  -4.9014000e-01
   3.8012000e-02  -9.5965000e-01  -2.7863000e-01
  -3.4740000e-01  -9.1212000e-01  -2.1760000e-01
  -3.6981000e-01  -8.9510000e-01  -2.4907000e-01
  -3.1012000e-01  -9.2901000e-01  -2.0193000e-01
  -2.7419000e-01  -9.3970000e-01  -2.0440000e-01
  -2.4156000e-01  -9.5020000e-01  -1.9691000e-01
  -2.2030000e-01  -9.5833000e-01  -1.8188000e-01
  -1.3120000e-01  -9.5879000e-01  -2.5202000e-01
  -5.5145000e-02  -9.4513000e-01  -3.2202000e-01
  -1.7132000e-01  -9.5645000e-01  -2.3634000e-01
  -6.6569000e-02  -9.7305000e-01  -2.2080000e-01
  -4.3647000e-03  -9.7052000e-01  -2.4099000e-01
  -3.6466000e-02  -9.5472000e-01  -2.9525000e-01
   1.1973000e-01  -9.2894000e-01  -3.5034000e-01
   3.7464000e-02  -9.3564000e-01  -3.5097000e-01
   5.4520000e-02  -8.5193000e-01  -5.2081000e-01
   1.9442000e-01  -8.7407000e-01  -4.4520000e-01
  -2.8452000e-02  -9.1272000e-01  -4.0759000e-01
  -3.9504000e-02  -8.8116000e-01  -4.7116000e-01
  -9.6786000e-01   1.5979000e-01   1.9419000e-01
  -9.7928000e-01   2.0242000e-01  -5.3943000e-03
  -9.0574000e-01   4.1968000e-01   5.9214000e-02
  -9.5027000e-01   3.0551000e-01  -6.0371000e-02
  -8.9071000e-01   3.7605000e-01   2.5538000e-01
  -9.5783000e-01   1.9182000e-01   2.1395000e-01
  -8.7851000e-01   5.8971000e-02  -4.7406000e-01
  -7.4187000e-01   3.2640000e-02  -6.6975000e-01
  -3.8206000e-01   1.5934000e-02  -9.2400000e-01
  -4.6166000e-01   8.9268000e-02  -8.8256000e-01
  -3.8060000e-01   1.5695000e-02  -9.2460000e-01
  -4.0862000e-01   4.0434000e-02  -9.1181000e-01
  -9.9977000e-01  -1.3052000e-02  -1.6885000e-02
  -9.8879000e-01  -1.3734000e-01  -5.8637000e-02
  -9.9172000e-01  -2.9970000e-02  -1.2489000e-01
  -9.8347000e-01  -1.2033000e-01  -1.3528000e-01
  -9.9185000e-01   1.0144000e-01  -7.7087000e-02
  -9.8712000e-01   9.2605000e-02  -1.3043000e-01
  -9.5987000e-01  -2.1599000e-01   1.7888000e-01
  -9.3196000e-01  -3.1486000e-01   1.7973000e-01
  -9.7302000e-01  -2.2934000e-01   2.5406000e-02
  -9.4136000e-01  -3.2913000e-01  -7.4201000e-02
  -8.7141000e-01  -4.9054000e-01   3.5614000e-03
  -8.5653000e-01  -4.7453000e-01   2.0292000e-01
  -3.8027000e-01   1.4163000e-02  -9.2477000e-01
  -7.7944000e-01  -7.2964000e-02  -6.2221000e-01
  -8.9899000e-01  -2.3303000e-01  -3.7083000e-01
  -5.8752000e-01  -8.6572000e-02  -8.0457000e-01
  -3.8287000e-01   1.1917000e-02  -9.2372000e-01
  -3.7712000e-01   1.0227000e-02  -9.2611000e-01
   8.6652000e-01  -4.4739000e-01  -2.2134000e-01
   7.9050000e-01  -5.7459000e-01  -2.1202000e-01
   6.3490000e-01  -7.7169000e-01  -3.7370000e-02
   6.5925000e-01  -6.9195000e-01  -2.9427000e-01
   8.1306000e-01  -5.8213000e-01   7.6501000e-03
   9.0565000e-01  -4.1078000e-01  -1.0511000e-01
   7.2693000e-01  -5.2531000e-01  -4.4229000e-01
   6.4503000e-01  -6.3868000e-01  -4.1956000e-01
   7.2683000e-01  -5.7420000e-01  -3.7685000e-01
   6.5092000e-01  -6.2421000e-01  -4.3206000e-01
   7.7136000e-01  -5.6645000e-01  -2.9006000e-01
   7.9518000e-01  -4.9306000e-01  -3.5295000e-01
   8.1483000e-01  -5.6042000e-01  -1.4827000e-01
   8.1953000e-01  -5.5501000e-01  -1.4257000e-01
   9.2969000e-01  -3.5991000e-01  -7.8348000e-02
   8.8289000e-01  -4.4612000e-01  -1.4657000e-01
   8.4288000e-01  -4.4519000e-01  -3.0226000e-01
   9.2399000e-01  -3.2196000e-01  -2.0637000e-01
   4.0209000e-01  -8.2561000e-01  -3.9584000e-01
   4.9225000e-01  -7.4429000e-01  -4.5136000e-01
   3.6790000e-01  -8.8142000e-01  -2.9622000e-01
   5.1811000e-01  -8.2624000e-01  -2.2110000e-01
   6.4362000e-01  -7.1467000e-01  -2.7386000e-01
   5.8147000e-01  -7.0075000e-01  -4.1333000e-01
   3.7300000e-01  -7.5458000e-01  -5.3989000e-01
   4.3383000e-01  -7.4819000e-01  -5.0199000e-01
   5.6219000e-01  -6.8942000e-01  -4.5678000e-01
   4.7063000e-01  -7.4056000e-01  -4.7966000e-01
   5.0914000e-01  -7.1778000e-01  -4.7495000e-01
   5.6063000e-01  -6.8533000e-01  -4.6478000e-01
  -5.3692000e-01   8.4121000e-01  -6.3879000e-02
  -4.5678000e-01   8.8947000e-01   1.3747000e-02
  -4.7538000e-01   8.7087000e-01  -1.2492000e-01
  -3.6969000e-01   9.2392000e-01  -9.8491000e-02
  -3.7418000e-01   9.2520000e-01  -6.3273000e-02
  -4.0689000e-01   9.1323000e-01  -2.1034000e-02
  -2.9832000e-01   9.5329000e-01  -4.7468000e-02
  -3.9024000e-01   8.8737000e-01  -2.4554000e-01
  -1.3927000e-01   9.7911000e-01  -1.4816000e-01
   3.6834000e-02   9.6404000e-01  -2.6318000e-01
  -3.6328000e-01   5.5558000e-01  -7.4790000e-01
  -9.5917000e-02   8.0440000e-01  -5.8630000e-01
  -3.0824000e-01   9.3434000e-01  -1.7890000e-01
  -2.1753000e-01   9.5988000e-01  -1.7697000e-01
  -3.0738000e-01   9.4492000e-01  -1.1248000e-01
  -2.7975000e-01   9.5445000e-01  -1.0370000e-01
  -2.1489000e-01   9.6851000e-01  -1.2572000e-01
  -2.5603000e-01   9.6248000e-01  -8.9839000e-02
  -1.9571000e-01   9.7002000e-01  -1.4405000e-01
  -1.5111000e-01   9.5891000e-01  -2.4011000e-01
  -9.5317000e-03   9.8120000e-01  -1.9278000e-01
  -8.3668000e-02   9.8808000e-01  -1.2924000e-01
  -1.4777000e-02   9.5713000e-01  -2.8930000e-01
  -6.5741000e-02   9.4363000e-01  -3.2442000e-01
   6.9655000e-03   9.1459000e-01  -4.0433000e-01
   6.2578000e-02   9.4385000e-01  -3.2439000e-01
   1.7219000e-01   9.2394000e-01  -3.4160000e-01
   2.6440000e-01   8.7208000e-01  -4.1178000e-01
   9.8371000e-02   8.4560000e-01  -5.2467000e-01
   1.0795000e-02   8.7591000e-01  -4.8236000e-01
  -6.9084000e-01   5.1393000e-01   5.0854000e-01
  -6.6855000e-01   6.2111000e-01   4.0899000e-01
  -5.7649000e-01   5.6619000e-01   5.8914000e-01
  -4.6492000e-01   6.5926000e-01   5.9096000e-01
  -5.0030000e-01   7.4597000e-01   4.3958000e-01
  -5.8702000e-01   7.3068000e-01   3.4858000e-01
  -1.7937000e-02   9.1542000e-01   4.0211000e-01
   3.2650000e-02   7.9619000e-01   6.0417000e-01
   2.1324000e-01   7.9303000e-01   5.7064000e-01
   1.6563000e-01   7.4456000e-01   6.4668000e-01
   1.1762000e-01   9.1801000e-01   3.7871000e-01
   2.9850000e-02   9.5645000e-01   2.9037000e-01
  -1.1806000e-01   5.6752000e-01   8.1485000e-01
  -2.8728000e-01   6.0003000e-01   7.4662000e-01
  -3.3490000e-01   6.7056000e-01   6.6196000e-01
  -2.5138000e-01   7.3549000e-01   6.2918000e-01
  -9.7032000e-02   7.1244000e-01   6.9499000e-01
  -3.0173000e-02   6.2687000e-01   7.7854000e-01
   1.7924000e-02   9.8682000e-01   1.6085000e-01
  -3.9519000e-02   9.9333000e-01   1.0832000e-01
   4.1013000e-02   9.9679000e-01  -6.8817000e-02
  -3.5622000e-02   9.9936000e-01  -2.3631000e-03
   9.3491000e-02   9.9434000e-01  -5.0474000e-02
   6.6192000e-02   9.9535000e-01   6.9950000e-02
  -3.1453000e-01   9.3934000e-01  -1.3681000e-01
  -3.4988000e-01   9.3546000e-01  -4.9914000e-02
  -1.8663000e-01   9.8010000e-01  -6.7598000e-02
  -3.1345000e-01   9.4959000e-01  -4.3448000e-03
  -2.2850000e-01   9.5832000e-01  -1.7151000e-01
  -1.9783000e-01   9.6296000e-01  -1.8320000e-01
  -5.5122000e-01   8.1002000e-01   2.0008000e-01
  -6.2907000e-01   7.6905000e-01   1.1326000e-01
  -6.1229000e-01   7.9054000e-01  -1.2152000e-02
  -5.3836000e-01   8.4129000e-01  -4.9040000e-02
  -4.5184000e-01   8.9204000e-01   1.0345000e-02
  -4.5981000e-01   8.8028000e-01   1.1698000e-01
