  -8.9414000e+01   1.0950000e-14  -5.5258000e+01
  -8.6611000e+01  -2.5176000e+01   0.0000000e+00
  -8.6600000e+01   2.4754000e+01   0.0000000e+00
  -7.4560000e+01  -4.8462000e+01   7.1628000e+01
  -8.4448000e+01   1.0342000e-14   8.1127000e+01
  -7.4805000e+01   4.7812000e+01   7.1864000e+01
  -7.2820000e+01  -4.7331000e+01  -6.8758000e+01
  -7.4508000e+01   4.7623000e+01  -7.0352000e+01
  -5.2510000e+01  -6.4657000e+01   0.0000000e+00
  -5.3165000e+01   6.4375000e+01   0.0000000e+00
  -4.6983000e+01   5.7538000e-15  -9.3961000e+01
  -4.3274000e+01  -2.8127000e+01   1.3453000e+02
  -4.2782000e+01   2.7345000e+01   1.3300000e+02
  -2.4182000e+01  -6.6580000e+01  -4.8361000e+01
  -2.5000000e+01   6.7689000e+01  -4.9998000e+01
  -2.7986000e+01  -7.7055000e+01   8.7004000e+01
  -2.7938000e+01   7.5643000e+01   8.6854000e+01
  -1.5767000e+01  -4.3413000e+01  -1.0204000e+02
  -1.6161000e+01   4.3756000e+01  -1.0459000e+02
  -3.0794000e-14  -8.0432000e+01   0.0000000e+00
   7.0192000e-15   0.0000000e+00  -1.1463000e+02
   8.9249000e-15   0.0000000e+00   1.4576000e+02
   4.8778000e-15   7.9661000e+01   0.0000000e+00
   1.9598000e+01  -4.4029000e+01   1.3015000e+02
   1.9746000e+01   4.3624000e+01   1.3114000e+02
   2.9075000e+01  -6.5320000e+01  -5.8646000e+01
   2.9688000e+01   6.5587000e+01  -5.9882000e+01
   3.5567000e+01  -7.9905000e+01   7.2991000e+01
   3.5666000e+01   7.8795000e+01   7.3194000e+01
   5.0101000e+01  -2.6571000e+01  -1.0106000e+02
   5.1079000e+01   2.6639000e+01  -1.0303000e+02
   6.2874000e+01   0.0000000e+00   1.2903000e+02
   6.5963000e+01  -6.6274000e+01   0.0000000e+00
   6.6793000e+01   6.5992000e+01   0.0000000e+00
   8.6276000e+01  -4.5757000e+01   8.3596000e+01
   8.6886000e+01   4.5314000e+01   8.4187000e+01
   7.7078000e+01  -4.0879000e+01  -4.8043000e+01
   9.4734000e+01   0.0000000e+00  -5.9049000e+01
   7.8071000e+01   4.0717000e+01  -4.8663000e+01
   9.5354000e+01  -2.2616000e+01   0.0000000e+00
   9.4118000e+01   2.1952000e+01   0.0000000e+00
   1.1002000e+02   0.0000000e+00   6.9769000e+01
   1.1258000e+02   0.0000000e+00  -2.1684000e+01
   9.2113000e+01   2.3111000e+01  -3.6828000e+01
  -9.0246000e+01  -2.8218000e+01   5.5610000e+01
   2.6520000e+01  -1.4065000e+01   1.4061000e+02
   5.9647000e+01  -3.1634000e+01   1.2241000e+02
  -7.7438000e+01  -5.0333000e+01   2.6484000e+01
  -6.9489000e+01  -4.5166000e+01  -2.0276000e+01
   3.3452000e+01  -7.5154000e+01  -2.0851000e+01
   9.5095000e+01  -5.0434000e+01   2.8473000e+01
  -9.4389000e+01   1.1559000e-14   2.8021000e+01
  -8.9393000e+01   2.7487000e+01   5.5085000e+01
  -7.6969000e+01   4.9196000e+01   2.6323000e+01
  -7.0804000e+01   4.5255000e+01  -2.0659000e+01
  -2.0341000e+01  -1.3221000e+01  -1.0510000e+02
  -4.7107000e+01  -3.0618000e+01  -9.4209000e+01
   6.7552000e+01   6.9940000e+01   5.6274000e+01
   9.5709000e+01   4.9915000e+01   2.8657000e+01
   8.2954000e+01   4.3263000e+01  -1.8407000e+01
   3.5476000e+01   7.8375000e+01   2.5918000e+01
   3.4619000e+01   7.6482000e+01  -2.1578000e+01
   6.3653000e+01   6.0054000e+01  -3.9675000e+01
  -7.1878000e+01   2.7565000e+01   9.9933000e+01
   9.8504000e+00  -2.2130000e+01  -1.0873000e+02
   2.0506000e+01  -4.6069000e+01  -8.7607000e+01
   5.6867000e+01   4.6053000e+01  -7.0891000e+01
   7.9823000e+01   2.4978000e+01  -7.2005000e+01
   3.2412000e+01   0.0000000e+00  -1.1055000e+02
   7.4064000e+01   0.0000000e+00  -9.7779000e+01
  -2.0302000e+01   1.2976000e+01  -1.0490000e+02
  -4.6644000e+01   2.9813000e+01  -9.3282000e+01
   1.0195000e+01   2.2523000e+01  -1.1253000e+02
   2.0833000e+01   4.6025000e+01  -8.9002000e+01
   4.9698000e+01   6.0693000e+01   1.0199000e+02
   5.9963000e+01   3.1273000e+01   1.2306000e+02
   2.6845000e+01   1.4001000e+01   1.4234000e+02
  -8.4971000e+00   2.3006000e+01   1.4455000e+02
   1.0948000e+02  -2.4028000e+01   5.4261000e+01
   9.3248000e+01  -1.5024000e+01   9.9305000e+01
   1.1286000e+02   0.0000000e+00   2.5480000e+01
   1.0976000e+02   2.3688000e+01   5.4399000e+01
   9.2946000e+01   1.4726000e+01   9.8983000e+01
  -2.8966000e+01  -7.9752000e+01   2.7827000e+01
  -5.7886000e+01  -6.8063000e+01   5.5610000e+01
  -8.4867000e+00  -2.3367000e+01   1.4437000e+02
  -2.7605000e+01   3.3806000e-15   1.4512000e+02
  -5.3680000e+01  -5.4178000e+01   1.0314000e+02
  -1.9354000e+01  -5.3287000e+01   1.2744000e+02
  -7.1663000e+01  -2.7947000e+01   9.9633000e+01
  -6.0753000e+01   7.4400000e-15   1.2362000e+02
   3.5022000e+01  -7.8680000e+01   2.5586000e+01
   2.5762000e+00  -8.5127000e+01   5.5366000e+01
   9.7467000e+00  -7.3173000e+01   1.0473000e+02
   4.9388000e+01  -6.1335000e+01   1.0136000e+02
   6.7118000e+01  -7.0666000e+01   5.5912000e+01
  -4.6610000e+01  -6.0141000e+01  -3.7838000e+01
  -3.9059000e+01  -5.9448000e+01  -7.8113000e+01
  -2.6083000e+01  -7.1816000e+01  -1.8570000e+01
  -1.7897000e+00  -7.2477000e+01  -3.7482000e+01
  -6.5567000e+00  -6.0325000e+01  -6.8658000e+01
  -8.3236000e+01   2.2017000e+01  -4.0203000e+01
  -7.7744000e+01   1.5095000e+01  -8.0683000e+01
  -8.7179000e+01   1.0676000e-14  -1.9180000e+01
  -8.2758000e+01  -2.2260000e+01  -3.9972000e+01
  -7.8103000e+01  -1.5422000e+01  -8.1055000e+01
   9.0473000e+01  -2.3083000e+01  -3.6172000e+01
   7.7859000e+01  -2.4776000e+01  -7.0234000e+01
   8.3132000e+01  -4.4089000e+01  -1.8447000e+01
   6.2785000e+01  -6.0237000e+01  -3.9134000e+01
   5.5754000e+01  -4.5915000e+01  -6.9504000e+01
  -4.7825000e+01   6.0683000e+01  -3.8824000e+01
  -4.0679000e+01   6.0883000e+01  -8.1353000e+01
  -2.6234000e+01   7.1028000e+01  -1.8677000e+01
  -1.8471000e+00   7.3558000e+01  -3.8684000e+01
  -6.7796000e+00   6.1339000e+01  -7.0992000e+01
  -5.3614000e+01   5.3211000e+01   1.0301000e+02
   9.7423000e+00   7.1923000e+01   1.0469000e+02
  -1.9213000e+01   5.2019000e+01   1.2651000e+02
   2.5747000e+00   8.3664000e+01   5.5334000e+01
  -2.8941000e+01   7.8359000e+01   2.7803000e+01
  -5.7751000e+01   6.6774000e+01   5.5480000e+01
  -9.0910000e+01   1.3704000e+01  -6.3177000e+01
  -8.7383000e+01   1.0701000e-14  -7.7042000e+01
  -8.6045000e+01   7.3539000e+00  -3.7277000e+01
  -8.6034000e+01  -7.4773000e+00  -3.7272000e+01
  -9.0064000e+01  -1.3806000e+01  -6.2589000e+01
  -9.2833000e+01  -1.8218000e+01   2.7559000e+01
  -8.7068000e+01  -3.5421000e+01   2.7037000e+01
  -7.9374000e+01  -4.0922000e+01  -4.7655000e-01
  -8.9138000e+01  -8.4453000e+00   5.8640000e-01
  -8.4994000e+01  -1.5534000e+01  -1.9498000e+01
  -7.9809000e+01  -3.1234000e+01  -2.0085000e+01
  -9.1614000e+01   1.7680000e+01   2.7197000e+01
  -8.6211000e+01   3.4488000e+01   2.6771000e+01
  -7.8876000e+01   3.9989000e+01  -4.7356000e-01
  -8.0325000e+01   3.0913000e+01  -2.0215000e+01
  -8.5594000e+01   1.5384000e+01  -1.9636000e+01
  -8.9482000e+01   8.3369000e+00   5.8866000e-01
  -8.3100000e+01  -4.3706000e+01   5.2273000e+01
  -7.2218000e+01  -5.7258000e+01   5.2328000e+01
  -6.3275000e+01  -5.8054000e+01   7.8075000e+01
  -6.7611000e+01  -4.3945000e+01   9.2663000e+01
  -7.9554000e+01  -3.5138000e+01   7.6426000e+01
  -8.3061000e+01  -1.8793000e+01   7.9795000e+01
  -9.3816000e+01  -9.5456000e+00   5.7097000e+01
  -9.3389000e+01   9.3440000e+00   5.6837000e+01
  -8.3441000e+01   1.8565000e+01   8.0160000e+01
  -7.3466000e+01  -9.3741000e+00   1.0301000e+02
  -7.3582000e+01   9.2327000e+00   1.0318000e+02
  -7.9981000e+01   3.4739000e+01   7.6836000e+01
  -8.2123000e+01   4.2473000e+01   5.1659000e+01
  -6.8195000e+01   4.3587000e+01   9.3462000e+01
  -6.3827000e+01   5.7586000e+01   7.8755000e+01
  -7.1720000e+01   5.5917000e+01   5.1967000e+01
  -7.4001000e+01  -3.7473000e+01  -4.0887000e+01
  -5.7368000e+01  -4.9764000e+01  -8.8203000e+01
  -6.1173000e+01  -5.0127000e+01  -3.9889000e+01
  -5.3611000e+01  -5.7551000e+01  -6.2016000e+01
  -8.6126000e+01  -3.0828000e+01  -6.8698000e+01
  -6.8342000e+01  -3.2348000e+01  -8.5342000e+01
  -6.3777000e+01   5.1392000e+01  -4.1587000e+01
  -6.7726000e+01   3.1523000e+01  -8.4574000e+01
  -7.6394000e+01   3.8041000e+01  -4.2210000e+01
  -8.9587000e+01   3.1533000e+01  -7.1459000e+01
  -5.4366000e+01   5.7391000e+01  -6.2890000e+01
  -5.7511000e+01   4.9059000e+01  -8.8423000e+01
  -6.7152000e+01  -5.4178000e+01  -4.7039000e-01
  -5.6099000e+01  -5.6472000e+01  -1.9472000e+01
  -4.7680000e+01  -7.2784000e+01   2.7345000e+01
  -6.4521000e+01  -6.3095000e+01   2.7020000e+01
  -4.1312000e+01  -6.5199000e+01  -1.8830000e+01
  -3.6507000e+01  -7.3198000e+01   5.8613000e-01
  -6.3875000e+01   6.1424000e+01   2.6750000e+01
  -6.7508000e+01   5.3559000e+01  -4.7288000e-01
  -5.7785000e+01   5.7202000e+01  -2.0057000e+01
  -4.2313000e+01   6.5668000e+01  -1.9286000e+01
  -3.6510000e+01   7.1986000e+01   5.8618000e-01
  -4.7812000e+01   7.1771000e+01   2.7420000e+01
  -3.7783000e+01  -1.4198000e+01  -9.7587000e+01
  -5.6565000e+01  -1.4949000e+01  -8.9932000e+01
  -2.9204000e+01   3.5764000e-15  -1.0150000e+02
  -3.7651000e+01   1.3913000e+01  -9.7246000e+01
  -5.6309000e+01   1.4634000e+01  -8.9525000e+01
  -6.6540000e+01   8.1489000e-15  -8.5586000e+01
  -2.6718000e+01  -1.7366000e+01   1.4436000e+02
  -4.4729000e+01  -9.3966000e+00   1.3760000e+02
  -3.9727000e+01  -4.6247000e+01   1.2502000e+02
  -2.4114000e+01  -3.5599000e+01   1.3934000e+02
  -5.7966000e+01  -3.7676000e+01   1.1590000e+02
  -6.0071000e+01  -1.9074000e+01   1.2223000e+02
  -5.9479000e+01   1.8572000e+01   1.2102000e+02
  -2.3936000e+01   3.4749000e+01   1.3831000e+02
  -2.6572000e+01   1.6984000e+01   1.4357000e+02
  -4.4494000e+01   9.1917000e+00   1.3687000e+02
  -5.7415000e+01   3.6697000e+01   1.1480000e+02
  -3.9421000e+01   4.5128000e+01   1.2406000e+02
  -3.7114000e+01  -6.3179000e+01  -5.4646000e+01
  -2.2925000e+01  -6.3120000e+01  -6.5407000e+01
  -3.2224000e+01  -6.6146000e+01  -3.4778000e+01
  -1.7433000e+01  -7.0633000e+01  -3.4864000e+01
  -1.0997000e+01  -6.7628000e+01  -5.2324000e+01
  -3.3125000e+01   6.6864000e+01  -3.5750000e+01
  -3.8233000e+01   6.4001000e+01  -5.6293000e+01
  -1.7934000e+01   7.1455000e+01  -3.5867000e+01
  -1.1295000e+01   6.8307000e+01  -5.3743000e+01
  -2.3780000e+01   6.4386000e+01  -6.7848000e+01
  -1.9053000e+01  -8.3693000e+01   5.7734000e+01
  -3.9294000e+01  -7.7176000e+01   5.7324000e+01
  -4.7689000e+01  -6.7766000e+01   8.3366000e+01
  -3.4589000e+01  -6.3116000e+01   1.0907000e+02
  -6.1325000e+00  -8.2453000e+01   8.6030000e+01
  -1.3611000e+01  -6.9894000e+01   1.1009000e+02
  -3.4630000e+01   6.2140000e+01   1.0920000e+02
  -6.0162000e+00   7.9544000e+01   8.4398000e+01
  -1.3608000e+01   6.8715000e+01   1.1006000e+02
  -1.9088000e+01   8.2452000e+01   5.7839000e+01
  -3.9222000e+01   7.5753000e+01   5.7218000e+01
  -4.8082000e+01   6.7187000e+01   8.4052000e+01
  -9.6460000e+00  -2.6559000e+01  -1.0850000e+02
  -2.7951000e+01  -2.8985000e+01  -1.0190000e+02
   4.2533000e+00  -3.7092000e+01  -9.9076000e+01
  -1.5127000e+00  -5.0286000e+01  -8.5736000e+01
  -3.6034000e+01  -4.6977000e+01  -9.7104000e+01
  -2.0429000e+01  -5.6248000e+01  -8.5033000e+01
  -2.7716000e+01   2.8262000e+01  -1.0104000e+02
  -3.6118000e+01   4.6303000e+01  -9.7331000e+01
  -9.7112000e+00   2.6293000e+01  -1.0923000e+02
   4.4605000e+00   3.8251000e+01  -1.0390000e+02
  -2.1281000e+01   5.7619000e+01  -8.8579000e+01
  -1.5485000e+00   5.0622000e+01  -8.7769000e+01
   2.2788000e+01  -7.8566000e+01  -4.6696000e-01
  -1.8394000e+01  -7.7719000e+01   5.8093000e-01
   1.2786000e+01  -8.2520000e+01   2.6240000e+01
  -9.1795000e+00  -8.3342000e+01   2.7144000e+01
  -9.6214000e+00  -7.6099000e+01  -1.9242000e+01
   1.0424000e+01  -7.7223000e+01  -1.9999000e+01
  -1.3472000e+01   1.6498000e-15  -1.0590000e+02
  -4.3932000e+00  -1.2096000e+01  -1.1176000e+02
   1.4331000e+01  -7.6006000e+00  -1.1362000e+02
  -4.3593000e+00   1.1803000e+01  -1.1089000e+02
   1.4532000e+01   7.5791000e+00  -1.1522000e+02
   1.7916000e+01  -1.5823000e-15   1.4452000e+02
   5.5882000e+00   1.2346000e+01   1.4587000e+02
  -1.2068000e+01   7.7136000e+00   1.4747000e+02
   5.5696000e+00  -1.2513000e+01   1.4539000e+02
  -1.2091000e+01  -7.8588000e+00   1.4775000e+02
   2.3133000e+01   7.8429000e+01  -4.7403000e-01
   1.0587000e+01   7.7129000e+01  -2.0313000e+01
  -1.8166000e+01   7.5479000e+01   5.7373000e-01
  -9.6490000e+00   7.5048000e+01  -1.9297000e+01
   1.2778000e+01   8.1097000e+01   2.6224000e+01
  -9.2350000e+00   8.2451000e+01   2.7309000e+01
   1.2158000e+01  -2.7315000e+01   1.4033000e+02
   3.5361000e+01  -2.9920000e+01   1.3228000e+02
  -3.8368000e+00  -4.1006000e+01   1.3775000e+02
   2.1411000e+00  -5.8077000e+01   1.2453000e+02
   2.6728000e+01  -6.0048000e+01   1.1416000e+02
   4.3439000e+01  -4.6209000e+01   1.2012000e+02
   2.6913000e+01   5.9457000e+01   1.1495000e+02
   4.3932000e+01   4.5956000e+01   1.2149000e+02
   3.5954000e+01   2.9916000e+01   1.3450000e+02
   1.2261000e+01   2.7088000e+01   1.4152000e+02
   2.1336000e+00   5.6912000e+01   1.2410000e+02
  -3.8183000e+00   4.0129000e+01   1.3708000e+02
   2.0298000e+01  -7.2753000e+01  -3.9907000e+01
   3.6121000e+01  -5.3781000e+01  -7.3903000e+01
   6.1294000e+00  -6.7245000e+01  -5.5789000e+01
   1.3917000e+01  -5.8314000e+01  -7.3033000e+01
   4.2756000e+01  -6.8521000e+01  -4.0469000e+01
   5.0009000e+01  -5.7984000e+01  -5.6721000e+01
   4.3795000e+01   6.9020000e+01  -4.1454000e+01
   5.1117000e+01   5.8284000e+01  -5.7978000e+01
   3.6622000e+01   5.3621000e+01  -7.4928000e+01
   1.4150000e+01   5.8303000e+01  -7.4254000e+01
   2.0813000e+01   7.3360000e+01  -4.0920000e+01
   6.2745000e+00   6.7692000e+01  -5.7110000e+01
   4.6824000e+01  -7.8425000e+01   5.1857000e+01
   2.4691000e+01  -8.1630000e+01   5.0672000e+01
   1.6272000e+01  -8.1651000e+01   7.9448000e+01
   3.2688000e+01  -7.3439000e+01   9.5704000e+01
   5.2782000e+01  -7.3316000e+01   7.9750000e+01
   4.7192000e+01   7.7728000e+01   5.2265000e+01
   2.5166000e+01   8.1815000e+01   5.1646000e+01
   5.2584000e+01   7.1826000e+01   7.9451000e+01
   3.2724000e+01   7.2297000e+01   9.5809000e+01
   1.6251000e+01   8.0190000e+01   7.9346000e+01
   3.0251000e+01  -1.6044000e+01  -1.0605000e+02
   2.6560000e+01  -3.1994000e+01  -9.9578000e+01
   5.3964000e+01  -9.2503000e+00  -1.0771000e+02
   7.0218000e+01  -1.8193000e+01  -9.2700000e+01
   6.2621000e+01  -3.3211000e+01  -8.1236000e+01
   4.3097000e+01  -4.0938000e+01  -8.7996000e+01
   6.4410000e+01   3.3592000e+01  -8.3558000e+01
   7.1644000e+01   1.8254000e+01  -9.4583000e+01
   3.0914000e+01   1.6123000e+01  -1.0837000e+02
   5.4483000e+01   9.1839000e+00  -1.0874000e+02
   2.7091000e+01   3.2091000e+01  -1.0157000e+02
   4.3998000e+01   4.1098000e+01  -8.9835000e+01
   5.0206000e+01  -1.5394000e+01   1.3307000e+02
   7.3664000e+01  -1.5886000e+01   1.2018000e+02
   5.0431000e+01   1.5206000e+01   1.3366000e+02
   3.9113000e+01  -1.6098000e-15   1.3950000e+02
   8.4427000e+01   0.0000000e+00   1.1143000e+02
   7.3404000e+01   1.5566000e+01   1.1976000e+02
   5.5996000e+01  -6.9748000e+01  -2.0836000e+01
   7.7348000e+01  -6.3533000e+01   2.7550000e+01
   4.6132000e+01  -7.5474000e+01  -4.8056000e-01
   5.7116000e+01  -7.3552000e+01   2.6715000e+01
   8.1688000e+01  -5.3777000e+01   5.8718000e-01
   7.3506000e+01  -5.8653000e+01  -1.9973000e+01
   7.9354000e+01   6.4097000e+01   2.8265000e+01
   8.0919000e+01   5.2384000e+01   5.8165000e-01
   7.3963000e+01   5.8036000e+01  -2.0097000e+01
   5.7994000e+01   7.3440000e+01   2.7125000e+01
   4.7121000e+01   7.5809000e+01  -4.9086000e-01
   5.7013000e+01   6.9833000e+01  -2.1215000e+01
   6.6340000e+01  -4.6957000e+01   1.0467000e+02
   1.0049000e+02  -4.1520000e+01   5.6975000e+01
   9.9512000e+01  -2.9064000e+01   8.1453000e+01
   8.1434000e+01  -3.1451000e+01   1.0435000e+02
   6.9422000e+01  -6.0809000e+01   8.2408000e+01
   8.5823000e+01  -5.7384000e+01   5.7427000e+01
   6.9774000e+01   6.0100000e+01   8.2825000e+01
   8.6711000e+01   5.7013000e+01   5.8020000e+01
   6.6732000e+01   4.6448000e+01   1.0528000e+02
   8.1506000e+01   3.0956000e+01   1.0445000e+02
   1.0090000e+02   4.0997000e+01   5.7208000e+01
   9.9478000e+01   2.8571000e+01   8.1425000e+01
   8.4624000e+01  -3.6316000e+01  -3.4538000e+01
   8.2546000e+01  -2.9750000e+01  -5.1451000e+01
   7.7007000e+01  -4.9819000e+01  -3.6203000e+01
   6.6195000e+01  -4.9556000e+01  -5.2994000e+01
   7.1130000e+01  -3.7724000e+01  -6.3251000e+01
   1.0705000e+02  -8.8876000e+00  -4.2272000e+01
   1.1054000e+02   9.0244000e+00  -4.3648000e+01
   9.1778000e+01   1.6662000e+01  -5.7206000e+01
   8.6089000e+01   8.8141000e+00  -7.8321000e+01
   9.0073000e+01  -1.6629000e+01  -5.6143000e+01
   8.5255000e+01  -8.8763000e+00  -7.7563000e+01
   8.3584000e+01   2.9623000e+01  -5.2099000e+01
   8.4591000e+01   3.5698000e+01  -3.4525000e+01
   7.7277000e+01   4.9162000e+01  -3.6330000e+01
   6.6965000e+01   4.9299000e+01  -5.3610000e+01
   7.2498000e+01   3.7810000e+01  -6.4467000e+01
   1.0238000e+02  -7.9149000e+00  -4.3699000e-01
   9.1073000e+01  -3.8312000e+01   5.6110000e-01
   1.0642000e+02  -3.3983000e+01   2.7483000e+01
   1.1194000e+02  -1.6695000e+01   2.6353000e+01
   9.6992000e+01  -1.5531000e+01  -1.8682000e+01
   8.8484000e+01  -2.9372000e+01  -1.7827000e+01
   1.0037000e+02   1.5804000e+01  -1.9332000e+01
   8.8944000e+01   2.9034000e+01  -1.7920000e+01
   1.0699000e+02   3.3598000e+01   2.7632000e+01
   8.9933000e+01   3.7204000e+01   5.5408000e-01
   1.0428000e+02   7.9278000e+00  -4.4510000e-01
   1.1180000e+02   1.6396000e+01   2.6319000e+01
   1.1277000e+02  -7.9972000e+00   5.0133000e+01
   1.0697000e+02  -1.3380000e+01   7.6283000e+01
   1.1296000e+02   7.8775000e+00   5.0217000e+01
   1.0667000e+02   1.3121000e+01   7.6071000e+01
   1.0021000e+02   0.0000000e+00   9.0662000e+01
  -9.2171000e+01   4.6596000e+00  -6.7036000e+01
  -9.1706000e+01  -4.7145000e+00  -6.6698000e+01
  -8.7907000e+01   6.8555000e+00  -5.0828000e+01
  -8.6634000e+01   1.0610000e-14  -4.2693000e+01
  -8.8244000e+01  -6.9982000e+00  -5.1022000e+01
  -8.9764000e+01  -1.7272000e+01   9.0080000e+00
  -8.9478000e+01  -2.6434000e+01   1.7953000e+01
  -8.4947000e+01  -3.4049000e+01   8.5028000e+00
  -8.7094000e+01  -1.6370000e+01  -6.4641000e+00
  -8.3857000e+01  -2.3978000e+01  -1.3337000e+01
  -8.2142000e+01  -3.2505000e+01  -7.0070000e+00
  -8.8588000e+01   2.5736000e+01   1.7774000e+01
  -8.4618000e+01   3.3353000e+01   8.4699000e+00
  -8.2152000e+01   3.1968000e+01  -7.0078000e+00
  -8.4340000e+01   2.3715000e+01  -1.3414000e+01
  -8.7432000e+01   1.6160000e+01  -6.4892000e+00
  -8.9154000e+01   1.6869000e+01   8.9468000e+00
  -7.7272000e+01  -5.0225000e+01   5.9195000e+01
  -7.0513000e+01  -5.4964000e+01   6.7741000e+01
  -6.8881000e+01  -5.0417000e+01   8.1269000e+01
  -7.4293000e+01  -4.2687000e+01   8.0628000e+01
  -7.9825000e+01  -4.2797000e+01   6.7406000e+01
  -8.0787000e+01  -9.4241000e+00   8.8491000e+01
  -8.7626000e+01  -9.4867000e+00   7.3227000e+01
  -9.1471000e+01   1.1202000e-14   6.5806000e+01
  -8.7508000e+01   9.3163000e+00   7.3129000e+01
  -7.7422000e+01   9.4815000e-15   9.6068000e+01
  -8.1020000e+01   9.2941000e+00   8.8746000e+01
  -7.4806000e+01   4.2267000e+01   8.1185000e+01
  -7.9818000e+01   4.2082000e+01   6.7400000e+01
  -6.9477000e+01   5.0007000e+01   8.1971000e+01
  -7.0806000e+01   5.4274000e+01   6.8022000e+01
  -7.6810000e+01   4.9094000e+01   5.8840000e+01
  -7.8268000e+01  -3.8972000e+01  -5.9091000e+01
  -6.3403000e+01  -5.3693000e+01  -7.5403000e+01
  -6.9063000e+01  -4.4889000e+01  -4.8834000e+01
  -6.2234000e+01  -5.1737000e+01  -5.6045000e+01
  -8.0297000e+01  -3.9118000e+01  -7.8966000e+01
  -6.8890000e+01  -4.4777000e+01  -8.4016000e+01
  -6.4418000e+01   5.2662000e+01  -5.8011000e+01
  -7.9469000e+01   3.8070000e+01  -7.8151000e+01
  -7.2177000e+01   4.6133000e+01  -5.1036000e+01
  -8.2164000e+01   4.0231000e+01  -6.2033000e+01
  -6.3724000e+01   5.3067000e+01  -7.5784000e+01
  -6.8812000e+01   4.3982000e+01  -8.3920000e+01
  -5.8550000e+01  -5.8456000e+01  -6.8445000e+00
  -5.0065000e+01  -6.2272000e+01  -1.2989000e+01
  -5.4934000e+01  -6.6963000e+01   1.7689000e+01
  -6.1490000e+01  -6.0806000e+01   8.3725000e+00
  -4.3691000e+01  -6.8069000e+01  -6.3730000e+00
  -4.5846000e+01  -7.0644000e+01   8.9584000e+00
  -5.5167000e+01   6.6129000e+01   1.7764000e+01
  -6.1389000e+01   5.9697000e+01   8.3587000e+00
  -5.9778000e+01   5.8690000e+01  -6.9881000e+00
  -5.1218000e+01   6.2647000e+01  -1.3289000e+01
  -4.3994000e+01   6.7400000e+01  -6.4171000e+00
  -4.6076000e+01   6.9817000e+01   9.0032000e+00
  -4.6910000e+01  -9.6337000e+00  -9.3814000e+01
  -5.6418000e+01  -4.9408000e+00  -8.9857000e+01
  -3.7843000e+01  -4.6985000e+00  -9.7527000e+01
  -3.7808000e+01   4.6161000e+00  -9.7438000e+01
  -4.6821000e+01   9.4554000e+00  -9.3636000e+01
  -5.6313000e+01   4.8495000e+00  -8.9690000e+01
  -3.8553000e+01  -1.8415000e+01   1.4030000e+02
  -4.9889000e+01  -1.9010000e+01   1.3293000e+02
  -3.5898000e+01  -3.6851000e+01   1.3394000e+02
  -3.1529000e+01  -2.7145000e+01   1.4048000e+02
  -4.7333000e+01  -3.7583000e+01   1.2616000e+02
  -5.4251000e+01  -2.8485000e+01   1.2540000e+02
  -4.9336000e+01   1.8487000e+01   1.3145000e+02
  -3.5638000e+01   3.5975000e+01   1.3297000e+02
  -3.1280000e+01   2.6482000e+01   1.3936000e+02
  -3.8275000e+01   1.7978000e+01   1.3929000e+02
  -5.3671000e+01   2.7712000e+01   1.2406000e+02
  -4.7063000e+01   3.6748000e+01   1.2544000e+02
  -2.8106000e+01  -6.4527000e+01  -5.6208000e+01
  -1.9338000e+01  -6.5890000e+01  -5.5291000e+01
  -3.1068000e+01  -6.5269000e+01  -4.5670000e+01
  -2.4672000e+01  -6.7930000e+01  -3.9345000e+01
  -1.7606000e+01  -6.8583000e+01  -4.5302000e+01
  -2.5427000e+01   6.8845000e+01  -4.0550000e+01
  -3.2257000e+01   6.6640000e+01  -4.7419000e+01
  -1.8088000e+01   6.9288000e+01  -4.6542000e+01
  -2.0067000e+01   6.7239000e+01  -5.7378000e+01
  -2.9193000e+01   6.5909000e+01  -5.8383000e+01
  -1.8046000e+01  -8.2287000e+01   7.7765000e+01
  -2.9043000e+01  -7.9966000e+01   6.7616000e+01
  -3.8757000e+01  -7.4695000e+01   7.6369000e+01
  -3.7294000e+01  -7.0172000e+01   9.4337000e+01
  -1.6194000e+01  -7.7630000e+01   9.5880000e+01
  -2.5680000e+01  -7.0705000e+01   1.0312000e+02
  -2.5650000e+01   6.9449000e+01   1.0300000e+02
  -1.7912000e+01   8.0320000e+01   7.7190000e+01
  -1.6038000e+01   7.5605000e+01   9.4958000e+01
  -2.9230000e+01   7.9140000e+01   6.8050000e+01
  -3.9064000e+01   7.4033000e+01   7.6972000e+01
  -3.7359000e+01   6.9125000e+01   9.4501000e+01
  -7.1805000e+00  -3.6068000e+01  -1.0454000e+02
  -1.8040000e+01  -3.3234000e+01  -1.0542000e+02
  -4.3358000e+00  -4.3710000e+01  -9.5610000e+01
  -1.2364000e+01  -5.0270000e+01  -9.1203000e+01
  -2.6830000e+01  -4.0059000e+01  -1.0175000e+02
  -2.4554000e+01  -5.0300000e+01  -9.7254000e+01
  -2.6724000e+01   3.9238000e+01  -1.0135000e+02
  -2.5290000e+01   5.0946000e+01  -1.0017000e+02
  -1.7966000e+01   3.2548000e+01  -1.0499000e+02
  -7.4548000e+00   3.6822000e+01  -1.0853000e+02
  -1.3003000e+01   5.1988000e+01  -9.5916000e+01
  -4.5766000e+00   4.5370000e+01  -1.0092000e+02
   1.1887000e+01  -8.0733000e+01   8.2909000e+00
  -9.3945000e+00  -7.8193000e+01  -6.3852000e+00
   5.4572000e-01  -8.3044000e+01   1.7685000e+01
  -9.2741000e+00  -8.0815000e+01   8.9094000e+00
  -4.2057000e-01  -7.8434000e+01  -1.3282000e+01
   1.1195000e+01  -7.9600000e+01  -6.9778000e+00
  -6.0245000e+00   3.8506000e+00  -1.0898000e+02
  -5.9997000e+00  -3.8996000e+00  -1.0853000e+02
   2.9767000e+00  -6.6875000e+00  -1.1503000e+02
   2.9756000e+00   6.5739000e+00  -1.1499000e+02
   9.5662000e+00   0.0000000e+00  -1.1423000e+02
   7.8317000e+00   4.0845000e+00   1.4538000e+02
  -2.4705000e+00   6.6889000e+00   1.4714000e+02
  -8.0547000e+00   9.8641000e-16   1.4824000e+02
   7.7864000e+00  -4.1296000e+00   1.4454000e+02
  -2.4568000e+00  -6.7643000e+00   1.4632000e+02
   1.1226000e+01   7.8496000e+01  -6.9974000e+00
  -4.2158000e-01   7.7315000e+01  -1.3314000e+01
  -9.2565000e+00   7.9320000e+01   8.8925000e+00
  -9.3590000e+00   7.6602000e+01  -6.3611000e+00
   1.1959000e+01   7.9870000e+01   8.3410000e+00
   5.4239000e-01   8.1165000e+01   1.7578000e+01
   9.1419000e+00  -3.7469000e+01   1.3657000e+02
   2.2448000e+01  -3.3745000e+01   1.3462000e+02
   5.8128000e+00  -4.7815000e+01   1.3153000e+02
   1.6345000e+01  -5.4226000e+01   1.2372000e+02
   3.0043000e+01  -5.0219000e+01   1.2211000e+02
   3.2862000e+01  -4.0036000e+01   1.2789000e+02
   1.6422000e+01   5.3576000e+01   1.2431000e+02
   3.0361000e+01   4.9905000e+01   1.2340000e+02
   3.3317000e+01   3.9915000e+01   1.2966000e+02
   2.2729000e+01   3.3599000e+01   1.3630000e+02
   5.8164000e+00   4.7049000e+01   1.3161000e+02
   9.1937000e+00   3.7054000e+01   1.3735000e+02
   1.8551000e+01  -6.9024000e+01  -5.1869000e+01
   3.8908000e+01  -5.9735000e+01  -6.3855000e+01
   1.6414000e+01  -6.4204000e+01  -6.3053000e+01
   2.6610000e+01  -5.9783000e+01  -6.9327000e+01
   3.0952000e+01  -6.9538000e+01  -4.6754000e+01
   4.1173000e+01  -6.4747000e+01  -5.2638000e+01
   4.1924000e+01   6.4832000e+01  -5.3598000e+01
   3.9514000e+01   5.9656000e+01  -6.4850000e+01
   2.7034000e+01   5.9724000e+01  -7.0430000e+01
   1.6791000e+01   6.4586000e+01  -6.4501000e+01
   3.1743000e+01   7.0128000e+01  -4.7948000e+01
   1.9069000e+01   6.9771000e+01  -5.3317000e+01
   4.5791000e+01  -7.8496000e+01   6.9075000e+01
   3.5791000e+01  -8.0410000e+01   5.8572000e+01
   2.5729000e+01  -8.1780000e+01   6.7936000e+01
   2.8502000e+01  -7.9243000e+01   8.3627000e+01
   4.0803000e+01  -7.6438000e+01   8.3737000e+01
   3.6174000e+01   7.9919000e+01   5.9198000e+01
   2.5939000e+01   8.1076000e+01   6.8490000e+01
   4.5649000e+01   7.6951000e+01   6.8861000e+01
   4.0674000e+01   7.4929000e+01   8.3472000e+01
   2.8538000e+01   7.8024000e+01   8.3733000e+01
   4.4939000e+01  -1.7515000e+01  -1.0611000e+02
   3.5631000e+01  -2.5031000e+01  -1.0300000e+02
   6.0100000e+01  -1.8687000e+01  -1.0390000e+02
   6.1918000e+01  -2.6527000e+01  -9.2860000e+01
   5.2710000e+01  -3.4151000e+01  -9.1157000e+01
   3.9925000e+01  -3.3442000e+01  -9.6651000e+01
   6.3722000e+01   2.6846000e+01  -9.5567000e+01
   6.1168000e+01   1.8702000e+01  -1.0574000e+02
   3.6264000e+01   2.5052000e+01  -1.0483000e+02
   4.5728000e+01   1.7526000e+01  -1.0797000e+02
   4.0966000e+01   3.3743000e+01  -9.9170000e+01
   5.4087000e+01   3.4460000e+01  -9.3539000e+01
   6.2630000e+01  -1.0495000e+01   1.2853000e+02
   7.4165000e+01  -5.2997000e+00   1.2122000e+02
   5.0934000e+01   5.0743000e+00   1.3470000e+02
   5.0876000e+01  -5.1542000e+00   1.3455000e+02
   7.3983000e+01   5.1988000e+00   1.2092000e+02
   6.2595000e+01   1.0315000e+01   1.2846000e+02
   6.5821000e+01  -6.5469000e+01  -1.3752000e+01
   6.7166000e+01  -6.8169000e+01   1.7882000e+01
   5.6316000e+01  -7.0807000e+01  -7.1398000e+00
   5.6784000e+01  -7.2186000e+01   8.4995000e+00
   7.6046000e+01  -6.1952000e+01   9.1226000e+00
   7.4170000e+01  -5.9847000e+01  -6.5524000e+00
   7.6765000e+01   6.1498000e+01   9.2088000e+00
   7.3805000e+01   5.8562000e+01  -6.5202000e+00
   6.6655000e+01   6.5196000e+01  -1.3926000e+01
   6.8422000e+01   6.8288000e+01   1.8217000e+01
   5.7948000e+01   7.2440000e+01   8.6737000e+00
   5.7517000e+01   7.1114000e+01  -7.2920000e+00
   7.4565000e+01  -5.1525000e+01   9.0998000e+01
   9.6591000e+01  -3.9244000e+01   7.4833000e+01
   9.0141000e+01  -3.5832000e+01   9.0967000e+01
   7.8562000e+01  -4.1666000e+01   9.8319000e+01
   8.1284000e+01  -5.5138000e+01   7.5116000e+01
   9.2116000e+01  -4.8854000e+01   6.6840000e+01
   7.5130000e+01   5.1051000e+01   9.1687000e+01
   8.1942000e+01   5.4660000e+01   7.5724000e+01
   7.8999000e+01   4.1201000e+01   9.8866000e+01
   9.0228000e+01   3.5270000e+01   9.1055000e+01
   9.2966000e+01   4.8485000e+01   6.7456000e+01
   9.7205000e+01   3.8837000e+01   7.5309000e+01
   8.0230000e+01  -4.2550000e+01  -3.9877000e+01
   8.1497000e+01  -3.5652000e+01  -4.4650000e+01
   7.3909000e+01  -4.7008000e+01  -4.6068000e+01
   7.1553000e+01  -4.2734000e+01  -5.4774000e+01
   7.7384000e+01  -3.6280000e+01  -5.4490000e+01
   9.6527000e+01  -8.5271000e+00  -5.2338000e+01
   1.0315000e+02   0.0000000e+00  -4.8147000e+01
   9.6223000e+01   8.3589000e+00  -5.2173000e+01
   9.1604000e+01   8.5743000e+00  -6.5102000e+01
   9.0772000e+01  -8.6402000e+00  -6.4511000e+01
   8.9397000e+01   0.0000000e+00  -7.1971000e+01
   7.8505000e+01   3.6194000e+01  -5.5279000e+01
   8.2200000e+01   3.5362000e+01  -4.5035000e+01
   8.0364000e+01   4.1913000e+01  -3.9944000e+01
   7.4568000e+01   4.6639000e+01  -4.6479000e+01
   7.2760000e+01   4.2733000e+01  -5.5699000e+01
   1.0263000e+02  -1.5740000e+01   7.8164000e+00
   9.0303000e+01  -2.9535000e+01  -5.8647000e+00
   9.7827000e+01  -3.1588000e+01   8.5634000e+00
   1.0704000e+02  -2.4974000e+01   1.7469000e+01
   9.6211000e+01  -1.5106000e+01  -6.2644000e+00
   9.1846000e+01  -2.2140000e+01  -1.1956000e+01
   9.3062000e+01   2.2060000e+01  -1.2115000e+01
   8.9277000e+01   2.8714000e+01  -5.7980000e+00
   1.0671000e+02   2.4484000e+01   1.7416000e+01
   9.7239000e+01   3.0876000e+01   8.5120000e+00
   9.8411000e+01   1.5194000e+01  -6.4077000e+00
   1.0357000e+02   1.5619000e+01   7.8879000e+00
   1.1275000e+02   4.0490000e-16   5.7017000e+01
   1.1077000e+02  -7.1680000e+00   6.5723000e+01
   1.1093000e+02   7.0591000e+00   6.5820000e+01
   1.0639000e+02   4.3885000e+00   7.9399000e+01
   1.0646000e+02  -4.4659000e+00   7.9457000e+01
   1.1621000e+02   0.0000000e+00  -3.7743000e+01
   1.1243000e+02   8.8895000e+00  -2.8997000e+01
   1.0317000e+02  -8.1021000e+00  -1.3293000e+01
   1.0846000e+02  -8.7207000e+00  -2.7973000e+01
   1.0632000e+02   8.2104000e+00  -1.3698000e+01
   1.0619000e+02   0.0000000e+00  -7.0656000e+00
   9.6371000e+01   1.6358000e+01  -4.5144000e+01
   8.8630000e+01   2.3071000e+01  -4.8238000e+01
   8.6360000e+01   2.9337000e+01  -4.0861000e+01
   8.8237000e+01   2.9178000e+01  -2.9465000e+01
   1.0338000e+02   1.6742000e+01  -3.3739000e+01
   9.3400000e+01   2.2681000e+01  -2.4505000e+01
  -9.1444000e+01  -2.7675000e+01   3.6978000e+01
  -8.8360000e+01  -3.6414000e+01   4.5477000e+01
  -8.5147000e+01  -3.6048000e+01   6.2093000e+01
  -8.4742000e+01  -2.7491000e+01   7.1087000e+01
  -8.9733000e+01  -1.8982000e+01   6.4786000e+01
  -9.4158000e+01  -1.9003000e+01   4.7360000e+01
   1.6690000e+01  -8.8518000e+00   1.4357000e+02
   1.4824000e+01  -1.7983000e+01   1.4260000e+02
   2.4758000e+01  -2.3783000e+01   1.3815000e+02
   3.7377000e+01  -1.9823000e+01   1.3571000e+02
   3.8622000e+01  -9.8351000e+00   1.3810000e+02
   2.7932000e+01  -4.7213000e+00   1.4220000e+02
   4.6284000e+01  -3.6037000e+01   1.2571000e+02
   5.6813000e+01  -4.1843000e+01   1.1659000e+02
   4.8542000e+01  -2.5745000e+01   1.3003000e+02
   6.1609000e+01  -2.1118000e+01   1.2644000e+02
   6.9435000e+01  -3.6825000e+01   1.1110000e+02
   7.2043000e+01  -2.6501000e+01   1.1655000e+02
  -8.1899000e+01  -4.2533000e+01   1.7413000e+01
  -7.5788000e+01  -4.9260000e+01   8.1700000e+00
  -8.3941000e+01  -4.3883000e+01   3.5589000e+01
  -7.8532000e+01  -5.1044000e+01   4.3939000e+01
  -7.0520000e+01  -5.6534000e+01   1.7411000e+01
  -7.2079000e+01  -5.7450000e+01   3.5338000e+01
  -7.6496000e+01  -3.9287000e+01  -1.3848000e+01
  -7.4141000e+01  -3.7855000e+01  -2.6820000e+01
  -6.8039000e+01  -4.4223000e+01  -3.3475000e+01
  -6.2088000e+01  -5.0516000e+01  -2.6367000e+01
  -7.2185000e+01  -4.6918000e+01  -7.2756000e+00
  -6.3844000e+01  -5.1681000e+01  -1.3517000e+01
   2.2165000e+01  -7.7047000e+01  -1.3816000e+01
   2.1405000e+01  -7.5355000e+01  -2.7027000e+01
   3.2107000e+01  -7.2132000e+01  -3.3744000e+01
   4.4384000e+01  -7.1804000e+01  -2.7665000e+01
   4.5555000e+01  -7.4200000e+01  -1.4269000e+01
   3.4440000e+01  -7.7373000e+01  -7.4152000e+00
   8.6497000e+01  -5.7132000e+01   1.8793000e+01
   9.1173000e+01  -4.8354000e+01   9.4299000e+00
   9.4740000e+01  -5.0246000e+01   4.7831000e+01
   8.6904000e+01  -5.7694000e+01   3.7872000e+01
   9.9914000e+01  -4.1871000e+01   1.8560000e+01
   1.0154000e+02  -4.2304000e+01   3.7694000e+01
  -9.4687000e+01  -9.3303000e+00   3.7638000e+01
  -9.2533000e+01  -8.9056000e+00   1.8375000e+01
  -9.2223000e+01   8.7281000e+00   1.8313000e+01
  -9.0629000e+01   1.1099000e-14   9.2937000e+00
  -9.5143000e+01   1.1652000e-14   4.7625000e+01
  -9.4528000e+01   9.1597000e+00   3.7575000e+01
  -9.2844000e+01   1.8426000e+01   4.6699000e+01
  -9.0075000e+01   2.6807000e+01   3.6424000e+01
  -9.0145000e+01   1.8752000e+01   6.5083000e+01
  -8.5355000e+01   2.7229000e+01   7.1600000e+01
  -8.4926000e+01   3.5357000e+01   6.1932000e+01
  -8.6341000e+01   3.4990000e+01   4.4438000e+01
  -8.2097000e+01   4.2206000e+01   3.4808000e+01
  -8.1426000e+01   4.1584000e+01   1.7312000e+01
  -7.7253000e+01   4.9377000e+01   4.3223000e+01
  -7.1286000e+01   5.5872000e+01   3.4949000e+01
  -6.9724000e+01   5.4966000e+01   1.7215000e+01
  -7.5308000e+01   4.8134000e+01   8.1183000e+00
  -7.2508000e+01   4.6344000e+01  -7.3081000e+00
  -7.6675000e+01   3.8725000e+01  -1.3880000e+01
  -7.0387000e+01   4.4989000e+01  -3.4630000e+01
  -7.5585000e+01   3.7950000e+01  -2.7342000e+01
  -6.5446000e+01   5.2097000e+01  -1.3856000e+01
  -6.3989000e+01   5.1197000e+01  -2.7175000e+01
  -2.9046000e+01  -9.0648000e+00  -1.0121000e+02
  -2.0788000e+01  -4.3062000e+00  -1.0313000e+02
  -1.9400000e+01  -2.2839000e+01  -1.0549000e+02
  -2.8664000e+01  -1.8631000e+01  -1.0142000e+02
  -1.2845000e+01  -8.3488000e+00  -1.0767000e+02
  -1.1564000e+01  -1.7192000e+01  -1.0840000e+02
  -5.7692000e+01  -3.7498000e+01  -8.9959000e+01
  -5.7013000e+01  -2.5703000e+01  -8.9879000e+01
  -3.7501000e+01  -2.4374000e+01  -9.7890000e+01
  -4.7005000e+01  -1.9746000e+01  -9.4004000e+01
  -3.7178000e+01  -3.5476000e+01  -9.8399000e+01
  -4.7147000e+01  -4.2555000e+01  -9.4288000e+01
   5.6416000e+01   7.4048000e+01   6.3238000e+01
   6.3728000e+01   6.7648000e+01   7.3205000e+01
   6.8514000e+01   6.9438000e+01   3.7050000e+01
   5.7968000e+01   7.4252000e+01   4.5229000e+01
   7.5538000e+01   6.3049000e+01   6.6416000e+01
   7.8328000e+01   6.4029000e+01   4.7525000e+01
   8.7819000e+01   5.7332000e+01   3.8271000e+01
   8.7898000e+01   5.7092000e+01   1.9097000e+01
   9.5752000e+01   4.9938000e+01   4.8342000e+01
   1.0221000e+02   4.1874000e+01   3.7942000e+01
   9.9644000e+01   4.1063000e+01   1.8510000e+01
   9.1363000e+01   4.7649000e+01   9.4495000e+00
   8.4085000e+01   4.3853000e+01  -5.8812000e+00
   7.9526000e+01   5.1156000e+01  -1.2740000e+01
   8.2610000e+01   4.3084000e+01  -2.9989000e+01
   7.9377000e+01   5.0765000e+01  -2.5250000e+01
   8.5638000e+01   3.5923000e+01  -2.3558000e+01
   8.5888000e+01   3.5791000e+01  -1.1848000e+01
   2.3871000e+01   7.9686000e+01   1.7036000e+01
   2.4435000e+01   8.0442000e+01   3.4259000e+01
   4.7014000e+01   7.6884000e+01   3.4938000e+01
   3.6254000e+01   8.0093000e+01   4.3332000e+01
   4.7281000e+01   7.6719000e+01   1.7534000e+01
   3.5305000e+01   7.7998000e+01   8.1303000e+00
   3.4937000e+01   7.7186000e+01  -7.5224000e+00
   2.2857000e+01   7.8130000e+01  -1.4247000e+01
   3.3160000e+01   7.3258000e+01  -3.4851000e+01
   2.2021000e+01   7.6235000e+01  -2.7805000e+01
   4.6652000e+01   7.4722000e+01  -1.4612000e+01
   4.5533000e+01   7.2438000e+01  -2.8381000e+01
   5.5548000e+01   6.7122000e+01  -3.4624000e+01
   5.3444000e+01   6.3088000e+01  -4.6891000e+01
   7.2406000e+01   5.6259000e+01  -3.2363000e+01
   6.5718000e+01   6.3311000e+01  -2.7336000e+01
   6.9890000e+01   5.3191000e+01  -4.3563000e+01
   6.1079000e+01   5.6256000e+01  -5.0839000e+01
  -7.6797000e+01   1.8519000e+01   9.5027000e+01
  -6.8973000e+01   1.8582000e+01   1.0912000e+02
  -7.8872000e+01   2.7058000e+01   8.6103000e+01
  -7.3632000e+01   3.5364000e+01   9.0395000e+01
  -6.3417000e+01   2.7760000e+01   1.1281000e+02
  -6.6091000e+01   3.6031000e+01   1.0315000e+02
  -1.9808000e+00  -2.0407000e+01  -1.1067000e+02
   8.4541000e-01  -2.8712000e+01  -1.0562000e+02
   6.3045000e+00  -1.4164000e+01  -1.1289000e+02
   1.8121000e+01  -1.5236000e+01  -1.0901000e+02
   2.2213000e+01  -2.3357000e+01  -1.0457000e+02
   1.3558000e+01  -3.0460000e+01  -1.0248000e+02
   1.7148000e+01  -3.8524000e+01  -9.5620000e+01
   7.6144000e+00  -4.4287000e+01  -9.0318000e+01
   2.3608000e+01  -5.3038000e+01  -7.8637000e+01
   1.0835000e+01  -5.1416000e+01  -8.1863000e+01
   3.0275000e+01  -4.0123000e+01  -9.2690000e+01
   3.3197000e+01  -4.7041000e+01  -8.3273000e+01
   5.8556000e+01   5.1348000e+01  -6.1003000e+01
   4.8318000e+01   5.2744000e+01  -6.8090000e+01
   5.5619000e+01   4.0694000e+01  -8.2066000e+01
   4.6081000e+01   4.7193000e+01  -7.8796000e+01
   6.5603000e+01   4.4483000e+01  -6.3092000e+01
   6.5032000e+01   3.9469000e+01  -7.3299000e+01
   7.2774000e+01   3.2372000e+01  -7.3689000e+01
   7.2531000e+01   2.5906000e+01  -8.3714000e+01
   8.6919000e+01   1.7102000e+01  -6.9781000e+01
   7.9744000e+01   1.7531000e+01  -8.1853000e+01
   8.6146000e+01   2.4114000e+01  -6.1018000e+01
   7.9149000e+01   3.1018000e+01  -6.3045000e+01
   2.0386000e+01   0.0000000e+00  -1.1281000e+02
   2.5852000e+01   7.8630000e+00  -1.1073000e+02
   2.5521000e+01  -7.8936000e+00  -1.0931000e+02
   3.8177000e+01  -8.3972000e+00  -1.0704000e+02
   3.8343000e+01   8.2935000e+00  -1.0751000e+02
   4.6371000e+01   3.9131000e-16  -1.0831000e+02
   6.2807000e+01   4.1600000e-16  -1.0823000e+02
   6.8079000e+01  -9.5218000e+00  -1.0239000e+02
   7.7487000e+01   9.0638000e+00  -9.0186000e+01
   6.8827000e+01   9.4664000e+00  -1.0351000e+02
   8.2682000e+01   0.0000000e+00  -8.5108000e+01
   7.7150000e+01  -9.1770000e+00  -8.9794000e+01
  -2.9005000e+01   8.9015000e+00  -1.0107000e+02
  -2.8526000e+01   1.8233000e+01  -1.0093000e+02
  -1.9345000e+01   2.2396000e+01  -1.0520000e+02
  -1.1526000e+01   1.6851000e+01  -1.0804000e+02
  -2.1057000e+01   4.2894000e+00  -1.0446000e+02
  -1.2870000e+01   8.2257000e+00  -1.0788000e+02
  -5.7081000e+01   3.6484000e+01  -8.9006000e+01
  -4.6569000e+01   4.1335000e+01  -9.3133000e+01
  -4.6711000e+01   1.9296000e+01  -9.3416000e+01
  -5.6688000e+01   2.5131000e+01  -8.9366000e+01
  -3.7248000e+01   2.3807000e+01  -9.7230000e+01
  -3.6744000e+01   3.4478000e+01  -9.7250000e+01
   8.8731000e-01   2.9634000e+01  -1.1085000e+02
   1.4119000e+01   3.1192000e+01  -1.0672000e+02
  -2.0003000e+00   2.0265000e+01  -1.1175000e+02
   6.3758000e+00   1.4086000e+01  -1.1417000e+02
   1.8531000e+01   1.5322000e+01  -1.1148000e+02
   2.3019000e+01   2.3802000e+01  -1.0836000e+02
   7.8604000e+00   4.4958000e+01  -9.3237000e+01
   1.1027000e+01   5.1460000e+01  -8.3319000e+01
   3.4029000e+01   4.7417000e+01  -8.5358000e+01
   2.4005000e+01   5.3032000e+01  -7.9959000e+01
   1.7555000e+01   3.8784000e+01  -9.7894000e+01
   3.0864000e+01   4.0222000e+01  -9.4492000e+01
   4.0496000e+01   5.5732000e+01   1.1379000e+02
   5.3901000e+01   5.1396000e+01   1.1062000e+02
   4.5323000e+01   6.8616000e+01   9.3013000e+01
   3.6565000e+01   6.4273000e+01   1.0469000e+02
   5.7914000e+01   6.4765000e+01   8.8976000e+01
   6.2748000e+01   5.6280000e+01   9.7784000e+01
   4.6895000e+01   3.5906000e+01   1.2737000e+02
   4.9094000e+01   2.5604000e+01   1.3151000e+02
   6.1759000e+01   2.0817000e+01   1.2674000e+02
   7.2106000e+01   2.6083000e+01   1.1665000e+02
   5.7249000e+01   4.1463000e+01   1.1749000e+02
   6.9674000e+01   3.6337000e+01   1.1148000e+02
   2.8091000e+01   4.6692000e+00   1.4301000e+02
   1.6788000e+01   8.7557000e+00   1.4441000e+02
   2.5075000e+01   2.3687000e+01   1.3992000e+02
   1.4915000e+01   1.7793000e+01   1.4347000e+02
   3.7897000e+01   1.9765000e+01   1.3760000e+02
   3.8927000e+01   9.7479000e+00   1.3919000e+02
  -1.9723000e+01   2.4994000e+01   1.4311000e+02
  -1.5694000e+01   1.5904000e+01   1.4551000e+02
   2.5264000e+00   2.0886000e+01   1.4485000e+02
  -5.3086000e+00   1.4373000e+01   1.4651000e+02
  -7.3628000e-01   3.0136000e+01   1.4177000e+02
  -1.2109000e+01   3.2785000e+01   1.4107000e+02
   1.0648000e+02  -3.3455000e+01   4.6412000e+01
   1.0458000e+02  -3.1929000e+01   6.4991000e+01
   1.0972000e+02  -2.4960000e+01   3.5920000e+01
   1.1184000e+02  -1.6264000e+01   4.3499000e+01
   1.1072000e+02  -1.5235000e+01   6.0602000e+01
   1.0638000e+02  -2.2368000e+01   7.1239000e+01
   8.3451000e+01  -2.0943000e+01   1.0892000e+02
   8.4396000e+01  -1.0361000e+01   1.1122000e+02
   1.0077000e+02  -1.9293000e+01   8.6458000e+01
   9.2301000e+01  -2.5421000e+01   9.6061000e+01
   1.0080000e+02  -9.5143000e+00   8.9362000e+01
   9.3252000e+01  -5.0153000e+00   1.0121000e+02
   1.0804000e+02   0.0000000e+00   7.6887000e+00
   1.1049000e+02  -8.2835000e+00   1.6664000e+01
   1.1024000e+02   8.1279000e+00   1.6627000e+01
   1.1317000e+02   8.1072000e+00   3.3971000e+01
   1.1293000e+02  -8.2270000e+00   3.3899000e+01
   1.1338000e+02   3.9437000e-16   4.1878000e+01
   1.0466000e+02   3.1420000e+01   6.5037000e+01
   1.0630000e+02   2.1978000e+01   7.1181000e+01
   1.0675000e+02   3.2983000e+01   4.6530000e+01
   1.1053000e+02   2.4726000e+01   3.6185000e+01
   1.1229000e+02   1.6057000e+01   4.3672000e+01
   1.1068000e+02   1.4975000e+01   6.0576000e+01
   9.2896000e+01   4.9131000e+00   1.0083000e+02
   8.3915000e+01   1.0130000e+01   1.1058000e+02
   8.3183000e+01   2.0529000e+01   1.0857000e+02
   9.2160000e+01   2.4960000e+01   9.5914000e+01
   1.0042000e+02   1.8907000e+01   8.6162000e+01
   1.0045000e+02   9.3235000e+00   8.9051000e+01
  -3.8161000e+01  -7.6175000e+01   1.8422000e+01
  -2.7984000e+01  -7.7050000e+01   9.2866000e+00
  -2.9231000e+01  -8.0483000e+01   4.7351000e+01
  -3.9106000e+01  -7.7535000e+01   3.7568000e+01
  -1.8883000e+01  -8.0445000e+01   1.8141000e+01
  -1.9150000e+01  -8.2622000e+01   3.7267000e+01
  -6.5450000e+01  -6.3378000e+01   4.5087000e+01
  -6.5015000e+01  -6.1666000e+01   6.2459000e+01
  -4.8965000e+01  -7.3738000e+01   4.7039000e+01
  -5.7105000e+01  -6.8562000e+01   3.6610000e+01
  -4.8548000e+01  -7.1421000e+01   6.5650000e+01
  -5.6503000e+01  -6.4857000e+01   7.2485000e+01
  -1.9771000e+01  -2.5479000e+01   1.4345000e+02
  -1.2131000e+01  -3.3400000e+01   1.4132000e+02
  -5.2785000e+00  -1.4533000e+01   1.4568000e+02
  -1.5778000e+01  -1.6259000e+01   1.4629000e+02
   2.5145000e+00  -2.1138000e+01   1.4416000e+02
  -7.3545000e-01  -3.0611000e+01   1.4161000e+02
  -2.2203000e+01  -8.4161000e+00   1.4657000e+02
  -3.3248000e+01  -8.9626000e+00   1.4368000e+02
  -3.3091000e+01   8.7719000e+00   1.4300000e+02
  -3.9237000e+01   4.8052000e-15   1.4125000e+02
  -2.2156000e+01   8.2584000e+00   1.4626000e+02
  -1.7288000e+01   2.1172000e-15   1.4744000e+02
  -5.5401000e+01  -6.0545000e+01   8.8955000e+01
  -6.2047000e+01  -5.2432000e+01   9.1968000e+01
  -5.0956000e+01  -4.6464000e+01   1.1588000e+02
  -6.0224000e+01  -4.5551000e+01   1.0462000e+02
  -4.5880000e+01  -6.2417000e+01   9.9649000e+01
  -4.3141000e+01  -5.5063000e+01   1.1370000e+02
  -3.1447000e+01  -5.4610000e+01   1.2158000e+02
  -2.7990000e+01  -4.5460000e+01   1.3207000e+02
  -2.2697000e+01  -6.2493000e+01   1.1653000e+02
  -1.0466000e+01  -6.0867000e+01   1.2188000e+02
  -1.5798000e+01  -4.3497000e+01   1.3578000e+02
  -7.1735000e+00  -5.1133000e+01   1.3114000e+02
  -6.6255000e+01  -3.6731000e+01   1.0340000e+02
  -7.3158000e+01  -3.5731000e+01   8.9813000e+01
  -7.8502000e+01  -2.7386000e+01   8.5699000e+01
  -7.6388000e+01  -1.8732000e+01   9.4521000e+01
  -6.3758000e+01  -2.8381000e+01   1.1342000e+02
  -6.8917000e+01  -1.8881000e+01   1.0903000e+02
  -6.5230000e+01  -9.5092000e+00   1.1701000e+02
  -6.9572000e+01   8.5201000e-15   1.1037000e+02
  -5.0342000e+01   6.1652000e-15   1.3370000e+02
  -5.5682000e+01  -9.5444000e+00   1.2907000e+02
  -6.4865000e+01   9.2988000e+00   1.1636000e+02
  -5.5404000e+01   9.3387000e+00   1.2843000e+02
   3.4814000e+01  -7.8214000e+01   8.0173000e+00
   2.3588000e+01  -8.0071000e+01   1.6834000e+01
   3.5342000e+01  -7.9401000e+01   4.2242000e+01
   2.4186000e+01  -8.0967000e+01   3.3909000e+01
   4.6309000e+01  -7.6414000e+01   1.7174000e+01
   4.6115000e+01  -7.6689000e+01   3.4270000e+01
  -8.7513000e+00  -8.4599000e+01   4.6597000e+01
  -7.7508000e+00  -8.4408000e+01   6.6515000e+01
   1.3501000e+01  -8.3469000e+01   4.3919000e+01
   1.3934000e+00  -8.4379000e+01   3.6132000e+01
   1.4741000e+01  -8.3704000e+01   6.2182000e+01
   3.8656000e+00  -8.3658000e+01   7.3788000e+01
   6.3440000e+00  -8.0225000e+01   9.1359000e+01
  -3.9780000e+00  -7.6275000e+01   1.0186000e+02
  -1.2896000e+00  -6.7939000e+01   1.1489000e+02
   1.3039000e+01  -6.4038000e+01   1.1526000e+02
   1.9827000e+01  -7.7098000e+01   9.4485000e+01
   2.3239000e+01  -6.9135000e+01   1.0556000e+02
   3.6477000e+01  -6.5204000e+01   1.0444000e+02
   4.0082000e+01  -5.6095000e+01   1.1263000e+02
   4.5361000e+01  -6.9835000e+01   9.3091000e+01
   5.7748000e+01  -6.5671000e+01   8.8720000e+01
   5.3483000e+01  -5.1860000e+01   1.0976000e+02
   6.2350000e+01  -5.6869000e+01   9.7163000e+01
   5.7418000e+01  -7.4792000e+01   4.4800000e+01
   5.6570000e+01  -7.5505000e+01   6.3410000e+01
   7.7679000e+01  -6.4573000e+01   4.7132000e+01
   6.7479000e+01  -6.9545000e+01   3.6490000e+01
   6.3809000e+01  -6.8879000e+01   7.3298000e+01
   7.5009000e+01  -6.3666000e+01   6.5951000e+01
  -5.4000000e+01  -5.6172000e+01  -4.6268000e+01
  -4.5654000e+01  -6.0396000e+01  -5.1105000e+01
  -5.4667000e+01  -5.5693000e+01  -3.2323000e+01
  -4.8159000e+01  -6.0828000e+01  -2.5378000e+01
  -3.8755000e+01  -6.3394000e+01  -4.2333000e+01
  -4.0119000e+01  -6.4045000e+01  -3.0504000e+01
  -4.5383000e+01  -5.3931000e+01  -9.0761000e+01
  -5.1801000e+01  -5.7903000e+01  -7.8665000e+01
  -4.3220000e+01  -6.0236000e+01  -6.4707000e+01
  -3.3023000e+01  -6.2308000e+01  -6.6043000e+01
  -3.2864000e+01  -5.6367000e+01  -8.9995000e+01
  -2.7364000e+01  -5.9946000e+01  -7.6350000e+01
  -3.3285000e+01  -6.7836000e+01  -2.4104000e+01
  -3.4964000e+01  -7.0705000e+01  -1.2636000e+01
  -2.5127000e+01  -6.9184000e+01  -2.9267000e+01
  -1.7869000e+01  -7.3312000e+01  -2.4413000e+01
  -2.7148000e+01  -7.4748000e+01  -6.0924000e+00
  -1.8055000e+01  -7.5114000e+01  -1.2557000e+01
  -1.0194000e+01  -7.0938000e+01  -4.1903000e+01
  -2.6162000e+00  -6.9390000e+01  -4.8666000e+01
  -9.7323000e+00  -7.3742000e+01  -3.0852000e+01
  -1.0278000e+00  -7.6279000e+01  -2.5972000e+01
   9.4716000e+00  -7.4711000e+01  -3.2721000e+01
   8.0158000e+00  -7.1228000e+01  -4.4632000e+01
  -1.6499000e+01  -6.0153000e+01  -7.3031000e+01
  -1.3402000e+01  -6.3868000e+01  -6.2238000e+01
   1.3096000e+00  -5.6296000e+01  -7.5702000e+01
  -9.2717000e+00  -5.5808000e+01  -7.9869000e+01
  -4.1910000e+00  -6.4951000e+01  -5.8814000e+01
   3.9692000e+00  -6.2101000e+01  -6.5942000e+01
  -8.5714000e+01   1.4213000e+01  -4.5717000e+01
  -8.4657000e+01   1.4836000e+01  -3.2086000e+01
  -7.9892000e+01   3.0250000e+01  -3.3934000e+01
  -8.2960000e+01   2.2745000e+01  -2.6467000e+01
  -8.2921000e+01   3.0509000e+01  -5.0215000e+01
  -8.7687000e+01   2.2219000e+01  -5.7221000e+01
  -8.9642000e+01   2.0683000e+01  -7.4949000e+01
  -8.7358000e+01   9.9374000e+00  -7.5472000e+01
  -6.6908000e+01   2.0236000e+01  -8.5101000e+01
  -7.8982000e+01   2.6215000e+01  -8.0103000e+01
  -6.6623000e+01   9.8566000e+00  -8.5556000e+01
  -7.6823000e+01   4.9794000e+00  -8.1256000e+01
  -8.6246000e+01   1.0562000e-14  -3.1042000e+01
  -8.5890000e+01  -7.6682000e+00  -2.5125000e+01
  -8.8909000e+01   1.0888000e-14  -6.1657000e+00
  -8.7172000e+01  -8.0096000e+00  -1.2812000e+01
  -8.6259000e+01   7.5730000e+00  -2.5232000e+01
  -8.7827000e+01   7.9355000e+00  -1.2909000e+01
  -8.6090000e+01  -1.4517000e+01  -4.5917000e+01
  -8.6312000e+01  -2.2241000e+01  -5.6324000e+01
  -8.4151000e+01  -1.4997000e+01  -3.1894000e+01
  -8.2283000e+01  -2.2940000e+01  -2.6251000e+01
  -7.8452000e+01  -3.0207000e+01  -3.3322000e+01
  -8.0646000e+01  -3.0174000e+01  -4.8838000e+01
  -7.7101000e+01  -5.0819000e+00  -8.1550000e+01
  -8.8690000e+01  -1.0260000e+01  -7.6623000e+01
  -8.8611000e+01  -2.0791000e+01  -7.4087000e+01
  -7.9433000e+01  -2.6811000e+01  -8.0561000e+01
  -6.7299000e+01  -2.0699000e+01  -8.5598000e+01
  -6.6720000e+01  -1.0038000e+01  -8.5680000e+01
   8.5540000e+01  -2.9550000e+01  -4.0473000e+01
   8.7652000e+01  -2.3202000e+01  -4.7706000e+01
   9.8798000e+01  -1.6270000e+01  -3.2242000e+01
   9.4791000e+01  -1.6362000e+01  -4.4404000e+01
   9.1807000e+01  -2.2672000e+01  -2.4087000e+01
   8.7979000e+01  -2.9585000e+01  -2.9379000e+01
   7.8786000e+01  -1.7613000e+01  -8.0869000e+01
   7.0594000e+01  -2.5641000e+01  -8.1478000e+01
   7.7672000e+01  -3.0954000e+01  -6.1868000e+01
   7.0756000e+01  -3.2007000e+01  -7.1646000e+01
   8.4217000e+01  -2.3973000e+01  -5.9652000e+01
   8.5523000e+01  -1.7112000e+01  -6.8661000e+01
   7.9606000e+01  -5.2073000e+01  -1.2752000e+01
   7.8580000e+01  -5.1105000e+01  -2.4996000e+01
   8.5690000e+01  -3.6553000e+01  -2.3572000e+01
   8.2110000e+01  -4.3547000e+01  -2.9807000e+01
   8.5000000e+01  -4.5080000e+01  -5.9452000e+00
   8.6521000e+01  -3.6664000e+01  -1.1935000e+01
   5.2357000e+01  -6.2850000e+01  -4.5937000e+01
   5.9890000e+01  -5.6094000e+01  -4.9849000e+01
   5.4597000e+01  -6.7089000e+01  -3.4031000e+01
   6.5054000e+01  -6.3732000e+01  -2.7060000e+01
   7.2097000e+01  -5.6966000e+01  -3.2224000e+01
   6.9110000e+01  -5.3486000e+01  -4.3077000e+01
   4.5257000e+01  -4.7133000e+01  -7.7387000e+01
   4.7836000e+01  -5.3100000e+01  -6.7410000e+01
   6.3373000e+01  -3.9112000e+01  -7.1428000e+01
   5.4165000e+01  -4.0300000e+01  -7.9919000e+01
   5.7375000e+01  -5.1163000e+01  -5.9773000e+01
   6.4384000e+01  -4.4394000e+01  -6.1919000e+01
  -5.6188000e+01   5.6291000e+01  -3.3223000e+01
  -5.5311000e+01   5.6579000e+01  -4.7391000e+01
  -4.9558000e+01   6.1553000e+01  -2.6115000e+01
  -4.1250000e+01   6.4755000e+01  -3.1364000e+01
  -3.9949000e+01   6.4261000e+01  -4.3638000e+01
  -4.6585000e+01   6.0603000e+01  -5.2147000e+01
  -4.4749000e+01   6.1329000e+01  -6.6996000e+01
  -5.2927000e+01   5.8178000e+01  -8.0375000e+01
  -3.4228000e+01   6.3505000e+01  -6.8451000e+01
  -2.8605000e+01   6.1622000e+01  -7.9811000e+01
  -4.6113000e+01   5.3888000e+01  -9.2221000e+01
  -3.4164000e+01   5.7622000e+01  -9.3554000e+01
  -3.4794000e+01   6.9192000e+01  -1.2574000e+01
  -2.7007000e+01   7.3121000e+01  -6.0606000e+00
  -3.3903000e+01   6.7947000e+01  -2.4552000e+01
  -2.5805000e+01   6.9868000e+01  -3.0056000e+01
  -1.8026000e+01   7.3747000e+01  -1.2537000e+01
  -1.7965000e+01   7.2479000e+01  -2.4544000e+01
  -9.9713000e+00   7.4296000e+01  -3.1610000e+01
  -1.0443000e+01   7.1461000e+01  -4.2926000e+01
   9.6967000e+00   7.5215000e+01  -3.3499000e+01
  -1.0456000e+00   7.6311000e+01  -2.6423000e+01
   8.2795000e+00   7.2348000e+01  -4.6100000e+01
  -2.7034000e+00   7.0509000e+01  -5.0287000e+01
  -4.3271000e+00   6.5945000e+01  -6.0725000e+01
  -1.3835000e+01   6.4835000e+01  -6.4248000e+01
  -1.7143000e+01   6.1465000e+01  -7.5886000e+01
  -9.4907000e+00   5.6176000e+01  -8.1755000e+01
   1.3396000e+00   5.6627000e+01  -7.7434000e+01
   4.0528000e+00   6.2353000e+01  -6.7330000e+01
  -6.0104000e+01   4.4705000e+01   1.0441000e+02
  -6.2388000e+01   5.1843000e+01   9.2474000e+01
  -5.0645000e+01   4.5412000e+01   1.1517000e+02
  -4.2833000e+01   5.3760000e+01   1.1288000e+02
  -4.6124000e+01   6.1704000e+01   1.0018000e+02
  -5.5638000e+01   5.9793000e+01   8.9337000e+01
  -3.9376000e+00   7.4246000e+01   1.0082000e+02
  -1.2830000e+00   6.6464000e+01   1.1430000e+02
   2.3311000e+01   6.8197000e+01   1.0589000e+02
   1.3051000e+01   6.3033000e+01   1.1537000e+02
   1.9800000e+01   7.5713000e+01   9.4356000e+01
   6.2573000e+00   7.7812000e+01   9.0111000e+01
  -1.5721000e+01   4.2566000e+01   1.3512000e+02
  -2.7733000e+01   4.4294000e+01   1.3086000e+02
  -3.1180000e+01   5.3247000e+01   1.2055000e+02
  -2.2642000e+01   6.1303000e+01   1.1624000e+02
  -1.0416000e+01   5.9571000e+01   1.2130000e+02
  -7.1271000e+00   4.9957000e+01   1.3030000e+02
   3.8331000e+00   8.1575000e+01   7.3167000e+01
  -7.7162000e+00   8.2632000e+01   6.6218000e+01
   1.3962000e+00   8.3147000e+01   3.6206000e+01
  -8.7741000e+00   8.3408000e+01   4.6718000e+01
   1.3600000e+01   8.2684000e+01   4.4241000e+01
   1.4801000e+01   8.2647000e+01   6.2435000e+01
  -3.7878000e+01   7.4353000e+01   1.8286000e+01
  -3.9187000e+01   7.6403000e+01   3.7646000e+01
  -1.9525000e+01   8.2839000e+01   3.7997000e+01
  -2.9507000e+01   7.9892000e+01   4.7798000e+01
  -2.7959000e+01   7.5699000e+01   9.2781000e+00
  -1.9009000e+01   7.9633000e+01   1.8262000e+01
  -5.7218000e+01   6.4586000e+01   7.3403000e+01
  -6.5213000e+01   6.0825000e+01   6.2649000e+01
  -6.4870000e+01   6.1771000e+01   4.4687000e+01
  -5.6828000e+01   6.7095000e+01   3.6432000e+01
  -4.8739000e+01   7.2177000e+01   4.6823000e+01
  -4.8931000e+01   7.0787000e+01   6.6168000e+01
